17
19
24
29
69
104
104
111
124
135
144
146
175
187
189
195
198
218
228
229
231
249
259
264
267
275
280
295
311
311
316
324
350
357
359
415
449
468
471
494
502
503
511
511
518
533
537
540
545
553
580
606
624
624
637
641
641
644
662
666
673
688
715
716
732
737
742
742
754
775
787
788
789
800
802
836
837
842
860
865
878
884
895
903
915
924
947
957
969
995
1023
1025
1026
1055
1063
1073
1089
1090
1108
1108
1111
1120
1122
1155
1160
1160
1192
1210
1235
1238
1238
1259
1279
1292
1293
1295
1304
1305
1321
1321
1342
1358
1365
1371
1372
1382
1382
1393
1397
1415
1418
1421
1429
1430
1437
1450
1452
1475
1477
1493
1520
1534
1547
1553
1561
1587
1597
1603
1618
1628
1629
1633
1633
1638
1640
1657
1658
1659
1669
1674
1682
1694
1703
1712
1729
1743
1754
1768
1771
1801
1808
1811
1826
1834
1859
1877
1882
1887
1891
1905
1910
1921
1926
1950
1954
1960
2004
2006
2007
2041
2045
2050
2052
2058
2062
2062
2095
2111
2113
2128
2148
2148
2173
2211
2216
2216
2230
2249
2284
2310
2311
2323
2326
2342
2343
2348
2358
2362
2368
2368
2388
2401
2412
2425
2432
2433
2445
2454
2458
2460
2469
2475
2475
2479
2482
2487
2498
2502
2505
2521
2528
2552
2559
2588
2591
2591
2600
2610
2612
2622
2639
2644
2673
2681
2684
2699
2714
2724
2751
2753
2754
2760
2762
2764
2765
2784
2791
2799
2820
2824
2862
2870
2876
2877
2882
2904
2907
2927
2931
2931
2935
2944
2970
2978
3004
3008
3038
3071
3074
3076
3091
3112
3141
3144
3177
3191
3236
3244
3255
3259
3269
3276
3281
3292
3313
3322
3323
3350
3373
3381
3382
3383
3390
3395
3401
3411
3419
3422
3433
3435
3440
3449
3452
3512
3512
3529
3531
3535
3536
3556
3558
3566
3572
3581
3583
3583
3584
3593
3594
3602
3627
3632
3638
3638
3678
3688
3692
3699
3702
3730
3741
3747
3750
3756
3759
3765
3767
3786
3788
3794
3810
3813
3835
3835
3857
3864
3875
3896
3907
3919
3944
3948
3956
3958
3969
3970
3979
4014
4019
4043
4077
4079
4083
4118
4122
4133
4134
4135
4137
4156
4166
4173
4187
4188
4205
4206
4207
4219
4220
4226
4229
4239
4254
4257
4258
4268
4318
4324
4351
4358
4368
4381
4387
4394
4397
4410
4416
4420
4423
4432
4434
4437
4444
4460
4469
4471
4497
4501
4516
4523
4529
4539
4545
4549
4552
4575
4578
4587
4599
4604
4622
4645
4668
4703
4718
4722
4728
4739
4742
4747
4753
4767
4771
4771
4826
4854
4893
4897
4910
4910
4919
4922
4923
4927
4931
4932
4941
4945
4953
4967
4967
4976
4990
4992
4997
5004
5013
5013
5027
5045
5055
5064
5064
5064
5078
5079
5084
5097
5109
5117
5118
5119
5128
5132
5132
5135
5143
5163
5164
5165
5172
5175
5176
5193
5204
5209
5214
5216
5224
5237
5255
5262
5265
5266
5268
5276
5280
5288
5289
5298
5298
5308
5319
5321
5350
5360
5361
5369
5374
5379
5379
5379
5394
5395
5405
5419
5431
5437
5464
5472
5481
5506
5507
5510
5529
5543
5552
5555
5556
5558
5566
5570
5572
5589
5594
5598
5605
5607
5611
5630
5637
5641
5652
5659
5662
5669
5680
5691
5699
5727
5727
5731
5743
5750
5751
5753
5762
5766
5776
5776
5786
5804
5807
5809
5809
5810
5814
5832
5835
5836
5850
5852
5862
5871
5890
5899
5903
5925
5926
5928
5929
5933
5936
5939
5940
5982
5994
6011
6019
6058
6062
6068
6076
6113
6116
6125
6126
6159
6176
6182
6189
6204
6206
6217
6232
6236
6239
6245
6246
6255
6268
6270
6274
6276
6295
6302
6305
6309
6313
6318
6318
6320
6326
6337
6343
6345
6345
6358
6359
6365
6373
6394
6408
6411
6417
6432
6454
6464
6465
6474
6477
6506
6536
6542
6552
6556
6558
6577
6584
6585
6588
6592
6600
6623
6638
6645
6677
6704
6706
6719
6724
6732
6741
6742
6753
6755
6761
6772
6809
6810
6825
6826
6834
6839
6849
6858
6858
6865
6869
6879
6884
6893
6903
6905
6910
6911
6917
6938
6939
6948
6978
6979
6987
6991
6999
7007
7011
7017
7018
7024
7030
7035
7038
7062
7074
7088
7089
7102
7138
7154
7162
7166
7171
7172
7183
7214
7228
7244
7253
7261
7262
7267
7269
7271
7285
7290
7295
7304
7306
7308
7313
7344
7346
7356
7379
7401
7409
7411
7420
7451
7470
7481
7483
7488
7497
7502
7523
7524
7532
7536
7557
7572
7573
7578
7616
7639
7651
7663
7664
7670
7679
7696
7728
7735
7737
7744
7746
7747
7756
7791
7800
7816
7816
7848
7852
7860
7861
7873
7906
7914
7945
7951
7953
7956
7963
7995
7995
8004
8020
8022
8027
8035
8050
8068
8080
8090
8095
8100
8101
8112
8125
8136
8164
8169
8171
8201
8230
8232
8254
8256
8257
8262
8264
8271
8288
8302
8327
8340
8341
8344
8345
8350
8352
8368
8382
8386
8405
8410
8420
8422
8423
8446
8460
8462
8478
8489
8504
8510
8538
8584
8594
8606
8630
8638
8666
8682
8684
8686
8688
8690
8704
8733
8753
8756
8766
8772
8773
8775
8786
8788
8792
8798
8802
8818
8820
8827
8831
8841
8843
8848
8860
8876
8887
8887
8895
8899
8907
8911
8915
8937
8958
8960
8995
9021
9023
9035
9043
9050
9053
9062
9075
9079
9088
9104
9114
9119
9121
9137
9141
9144
9224
9232
9233
9251
9255
9257
9278
9282
9292
9301
9305
9308
9310
9314
9321
9334
9336
9340
9342
9342
9350
9358
9372
9381
9384
9407
9448
9463
9468
9478
9484
9493
9513
9544
9556
9556
9556
9560
9564
9564
9575
9578
9580
9608
9608
9610
9617
9620
9635
9653
9656
9680
9685
9685
9687
9712
9739
9772
9772
9776
9776
9787
9791
9792
9794
9821
9822
9846
9861
9864
9866
9872
9888
9903
9903
9928
9931
9951
9952
9963
9968
9968
9969
9977
9977
9981
9988
9991
9994
9994
10005
10013
10016
10024
10027
10028
10035
10043
10065
10066
10074
10079
10080
10081
10083
10085
10090
10096
10101
10108
10111
10115
10116
10119
10146
10156
10159
10163
10171
10187
10188
10196
10203
10215
10217
10218
10227
10231
10235
10241
10243
10248
10292
10297
10299
10310
10311
10324
10339
10377
10394
10401
10410
10421
10431
10434
10439
10444
10467
10476
10478
10495
10502
10520
10524
10533
10571
10609
10611
10615
10618
10620
10641
10642
10647
10658
10680
10686
10701
10718
10718
10726
10731
10741
10750
10753
10767
10769
10769
10791
10809
10809
10821
10822
10825
10833
10834
10841
10848
10848
10849
10862
10870
10899
10907
10911
10921
10926
10927
10930
10959
10959
10968
10974
10995
11014
11021
11029
11039
11045
11051
11067
11071
11074
11117
11121
11158
11160
11165
11170
11173
11176
11178
11188
11196
11203
11228
11257
11261
11282
11297
11298
11299
11301
11305
11309
11317
11331
11338
11353
11357
11358
11365
11365
11371
11372
11377
11382
11385
11386
11389
11402
11437
11438
11445
11447
11450
11451
11464
11469
11472
11473
11481
11515
11568
11589
11599
11617
11655
11661
11661
11680
11681
11687
11693
11699
11700
11721
11723
11735
11750
11750
11769
11774
11786
11787
11788
11790
11802
11804
11813
11816
11854
11862
11878
11900
11909
11913
11925
11938
11945
11948
11956
11957
11962
11963
11964
11978
11979
11980
11981
11989
11996
11999
12007
12011
12020
12022
12028
12057
12060
12061
12063
12073
12083
12103
12111
12115
12127
12136
12198
12211
12239
12245
12250
12259
12262
12274
12296
12301
12304
12307
12313
12346
12351
12374
12393
12403
12417
12421
12426
12435
12462
12464
12466
12497
12503
12512
12517
12528
12535
12558
12561
12585
12593
12599
12615
12688
12696
12711
12731
12734
12756
12757
12761
12778
12780
12783
12792
12800
12820
12822
12844
12869
12873
12891
12916
12924
12936
12963
12974
12984
13016
13072
13075
13081
13089
13101
13109
13110
13117
13121
13132
13159
13162
13178
13196
13205
13208
13210
13228
13228
13233
13234
13240
13244
13263
13300
13316
13317
13319
13340
13341
13345
13346
13350
13354
13364
13365
13369
13372
13403
13421
13426
13438
13457
13467
13472
13483
13484
13489
13506
13509
13520
13520
13530
13530
13536
13538
13557
13574
13575
13594
13602
13608
13612
13622
13623
13630
13639
13651
13668
13670
13697
13706
13725
13753
13760
13760
13772
13774
13775
13785
13790
13792
13814
13815
13823
13825
13836
13844
13845
13850
13851
13854
13896
13900
13972
13974
13983
13985
14000
14002
14003
14009
14012
14020
14023
14045
14052
14054
14058
14063
14094
14102
14108
14109
14138
14168
14170
14173
14175
14208
14218
14220
14258
14264
14271
14274
14283
14295
14306
14332
14334
14335
14339
14340
14348
14357
14379
14381
14395
14397
14408
14410
14417
14425
14431
14433
14452
14453
14470
14472
14483
14498
14505
14506
14521
14537
14537
14557
14570
14578
14589
14600
14609
14611
14611
14616
14627
14638
14640
14641
14656
14657
14693
14700
14703
14708
14720
14728
14729
14739
14745
14761
14771
14778
14788
14789
14792
14809
14817
14819
14842
14847
14868
14873
14886
14888
14892
14901
14908
14931
14942
14946
14951
14966
14982
14982
14991
15018
15031
15050
15052
15058
15062
15063
15067
15084
15087
15107
15107
15115
15116
15127
15147
15167
15178
15187
15201
15254
15268
15271
15287
15294
15316
15331
15340
15348
15356
15360
15379
15391
15421
15430
15430
15457
15461
15482
15500
15503
15519
15541
15542
15545
15549
15552
15553
15565
15570
15574
15579
15587
15589
15609
15609
15614
15639
15643
15643
15658
15680
15680
15693
15706
15733
15741
15758
15780
15780
15780
15799
15803
15816
15835
15838
15839
15843
15849
15877
15888
15893
15896
15906
15913
15913
15945
15950
15977
15999
16008
16026
16030
16032
16040
16049
16056
16076
16085
16094
16096
16098
16114
16116
16121
16124
16132
16134
16137
16145
16146
16146
16165
16169
16172
16181
16184
16212
16214
16217
16227
16230
16245
16247
16254
16256
16309
16323
16324
16331
16337
16345
16346
16353
16360
16366
16387
16390
16406
16419
16425
16429
16436
16438
16463
16465
16471
16475
16499
16510
16511
16519
16520
16524
16545
16552
16553
16561
16567
16568
16570
16581
16597
16602
16606
16609
16610
16615
16635
16642
16651
16667
16672
16675
16695
16699
16702
16718
16724
16734
16744
16744
16751
16761
16790
16806
16809
16810
16841
16880
16895
16906
16920
16931
16934
16951
16966
16977
16977
17002
17012
17023
17025
17027
17038
17041
17061
17093
17127
17139
17153
17162
17165
17166
17199
17208
17253
17282
17291
17304
17307
17311
17320
17324
17334
17343
17354
17382
17415
17418
17424
17428
17428
17443
17444
17460
17465
17466
17474
17493
17495
17496
17519
17522
17536
17563
17573
17576
17580
17593
17599
17606
17619
17622
17627
17644
17648
17649
17651
17664
17687
17708
17726
17784
17785
17791
17792
17810
17813
17814
17823
17840
17841
17845
17857
17865
17869
17870
17895
17898
17903
17951
17952
17958
17980
17987
17995
18001
18013
18038
18042
18046
18064
18064
18075
18076
18088
18093
18106
18111
18111
18116
18126
18134
18149
18165
18219
18224
18239
18254
18260
18262
18284
18293
18298
18307
18313
18329
18357
18362
18362
18369
18380
18395
18415
18423
18455
18473
18492
18509
18516
18518
18523
18526
18536
18543
18544
18546
18547
18553
18558
18607
18609
18628
18631
18649
18658
18666
18678
18682
18685
18685
18690
18699
18707
18725
18734
18781
18784
18791
18796
18808
18815
18840
18841
18845
18867
18879
18893
18917
18924
18930
18932
18941
18942
18944
18950
18956
18959
18960
18963
18981
18984
19006
19020
19038
19046
19046
19065
19065
19076
19102
19103
19125
19137
19145
19168
19173
19175
19176
19176
19176
19180
19217
19224
19229
19251
19262
19268
19271
19275
19278
19313
19316
19320
19320
19326
19332
19333
19364
19368
19370
19383
19384
19391
19393
19407
19409
19423
19428
19429
19434
19435
19437
19443
19448
19450
19464
19468
19474
19476
19485
19494
19497
19509
19515
19532
19538
19539
19571
19608
19610
19628
19658
19677
19681
19684
19690
19691
19700
19715
19722
19724
19724
19732
19735
19736
19738
19738
19745
19749
19750
19779
19789
19803
19822
19825
19827
19835
19846
19852
19854
19854
19884
19895
19907
19919
19943
19964
19991
19992
19995
19996
20005
20008
20021
20027
20031
20035
20042
20043
20059
20064
20096
20122
20125
20130
20135
20149
20159
20163
20164
20172
20191
20192
20194
20200
20206
20212
20230
20231
20239
20247
20273
20309
20310
20323
20334
20373
20380
20381
20386
20391
20403
20407
20412
20416
20420
20424
20426
20461
20473
20478
20480
20493
20512
20525
20527
20527
20529
20530
20534
20535
20538
20539
20539
20543
20548
20555
20561
20571
20573
20578
20587
20660
20667
20711
20714
20714
20719
20725
20741
20758
20793
20798
20802
20803
20803
20809
20861
20862
20866
20875
20878
20882
20894
20903
20910
20923
20928
20936
20943
20949
20954
20954
20960
20973
20995
21000
21003
21006
21007
21031
21042
21044
21053
21064
21065
21067
21106
21108
21111
21153
21170
21173
21197
21197
21205
21230
21231
21236
21238
21242
21247
21253
21263
21269
21269
21273
21311
21322
21333
21334
21337
21350
21351
21373
21380
21381
21388
21388
21394
21396
21404
21405
21419
21424
21432
21438
21438
21448
21464
21466
21468
21470
21477
21480
21489
21502
21510
21529
21550
21566
21617
21623
21624
21633
21641
21649
21674
21716
21732
21733
21757
21761
21771
21809
21822
21825
21827
21862
21869
21871
21893
21903
21918
21919
21920
21920
21937
21945
21947
21958
21965
21990
22002
22022
22025
22033
22056
22059
22065
22071
22074
22074
22075
22082
22101
22112
22127
22128
22134
22139
22153
22157
22171
22190
22199
22214
22222
22227
22246
22264
22272
22274
22312
22317
22329
22338
22344
22353
22380
22385
22386
22395
22397
22401
22412
22423
22427
22429
22442
22449
22463
22468
22482
22490
22493
22504
22512
22515
22524
22526
22533
22534
22544
22546
22546
22547
22560
22564
22569
22576
22584
22591
22597
22609
22616
22620
22637
22653
22665
22670
22674
22703
22709
22713
22719
22741
22744
22775
22779
22797
22805
22816
22818
22855
22862
22867
22879
22882
22891
22916
22922
22933
22946
22955
22956
22957
22961
22962
22979
22992
22993
23000
23007
23028
23033
23034
23115
23128
23135
23157
23157
23157
23173
23181
23184
23211
23213
23227
23239
23248
23250
23264
23294
23311
23312
23319
23324
23331
23334
23337
23354
23376
23382
23406
23409
23415
23416
23426
23430
23436
23454
23465
23471
23476
23484
23494
23494
23504
23509
23530
23571
23590
23593
23598
23608
23618
23632
23641
23647
23651
23656
23658
23662
23670
23691
23694
23703
23705
23708
23708
23714
23720
23731
23732
23751
23751
23753
23767
23771
23798
23804
23831
23847
23862
23866
23869
23873
23880
23892
23902
23910
23931
23969
23973
23975
23982
23992
23996
24004
24005
24012
24022
24034
24035
24041
24046
24051
24066
24067
24069
24074
24088
24088
24128
24135
24149
24164
24174
24177
24195
24204
24214
24218
24229
24246
24254
24265
24267
24291
24311
24317
24345
24352
24364
24368
24370
24373
24374
24380
24430
24431
24446
24452
24471
24475
24475
24480
24486
24517
24521
24522
24523
24523
24525
24529
24558
24575
24578
24586
24595
24613
24615
24633
24658
24663
24671
24672
24676
24679
24685
24686
24687
24688
24689
24693
24694
24694
24699
24704
24728
24746
24752
24764
24776
24789
24805
24813
24819
24820
24826
24828
24841
24848
24852
24857
24886
24891
24923
24924
24931
24931
24933
24936
24949
24958
24967
24967
24979
24981
24991
24995
24999
25016
25018
25024
25039
25054
25070
25076
25093
25101
25117
25120
25127
25139
25153
25170
25173
25175
25176
25185
25191
25209
25212
25214
25216
25218
25221
25222
25242
25250
25264
25267
25273
25293
25293
25294
25300
25303
25307
25310
25314
25334
25356
25367
25371
25383
25383
25390
25404
25407
25411
25427
25429
25429
25434
25446
25451
25467
25473
25493
25495
25502
25542
25547
25568
25569
25575
25586
25597
25607
25624
25639
25654
25656
25672
25680
25696
25700
25707
25710
25724
25730
25742
25746
25757
25765
25771
25773
25789
25820
25833
25872
25872
25875
25877
25889
25894
25908
25938
25942
25944
25966
25976
25976
25991
25996
26007
26013
26024
26054
26063
26066
26073
26087
26102
26113
26134
26141
26161
26168
26169
26171
26174
26183
26187
26216
26221
26231
26234
26236
26246
26250
26254
26264
26318
26321
26321
26324
26340
26353
26356
26386
26386
26395
26398
26405
26406
26419
26423
26426
26427
26429
26468
26469
26479
26486
26500
26505
26528
26553
26554
26579
26595
26610
26631
26637
26639
26657
26672
26685
26688
26691
26695
26702
26711
26720
26722
26731
26736
26745
26746
26761
26780
26785
26792
26795
26798
26800
26810
26821
26835
26837
26847
26847
26850
26856
26874
26922
26923
26945
26978
26982
26983
27012
27016
27016
27021
27025
27035
27046
27051
27071
27092
27093
27104
27121
27134
27135
27152
27165
27172
27174
27180
27194
27196
27212
27217
27219
27219
27258
27261
27270
27278
27280
27303
27305
27314
27317
27329
27332
27332
27346
27346
27362
27387
27393
27408
27413
27419
27473
27490
27502
27503
27507
27509
27523
27537
27582
27605
27615
27619
27637
27648
27649
27651
27652
27661
27664
27671
27674
27675
27683
27701
27746
27756
27786
27807
27822
27826
27846
27857
27871
27873
27877
27885
27905
27914
27923
27937
27946
27983
27990
28001
28009
28049
28054
28093
28098
28101
28128
28152
28168
28174
28181
28183
28183
28187
28225
28236
28281
28287
28297
28314
28321
28325
28337
28346
28349
28354
28355
28369
28387
28413
28416
28449
28456
28473
28481
28488
28507
28539
28540
28544
28555
28565
28571
28584
28590
28601
28606
28630
28637
28640
28672
28681
28686
28691
28700
28744
28759
28763
28770
28779
28782
28792
28815
28837
28838
28842
28855
28862
28871
28886
28895
28903
28909
28910
28925
28932
28934
28938
28946
28950
28962
28974
28978
28994
29018
29029
29034
29037
29038
29038
29046
29047
29061
29065
29075
29080
29082
29094
29096
29101
29104
29124
29127
29136
29136
29138
29146
29154
29156
29156
29167
29170
29205
29211
29227
29231
29232
29240
29270
29287
29303
29311
29339
29356
29391
29395
29401
29405
29434
29435
29449
29454
29457
29471
29481
29494
29500
29503
29505
29515
29525
29532
29545
29551
29563
29581
29594
29600
29632
29661
29671
29690
29702
29705
29705
29717
29723
29738
29751
29753
29766
29766
29767
29769
29770
29772
29799
29818
29819
29829
29836
29837
29839
29840
29850
29885
29889
29895
29902
29904
29907
29912
29913
29915
29945
29949
29950
29971
29973
29974
29977
29987
30000
30001
30016
30019
30025
30059
30060
30077
30082
30084
30089
30089
30099
30120
30150
30173
30208
30224
30231
30251
30299
30301
30318
30324
30329
30332
30357
30359
30362
30362
30364
30375
30398
30401
30414
30430
30432
30438
30440
30455
30475
30485
30491
30502
30502
30506
30507
30511
30521
30521
30533
30538
30560
30614
30621
30635
30635
30644
30664
30682
30687
30691
30696
30714
30717
30730
30741
30752
30752
30775
30788
30794
30823
30830
30845
30847
30848
30850
30856
30863
30866
30877
30887
30914
30931
30943
30952
30969
31002
31008
31010
31012
31012
31015
31029
31060
31061
31075
31089
31106
31108
31141
31166
31177
31181
31187
31187
31208
31210
31219
31241
31247
31247
31250
31251
31255
31269
31280
31282
31328
31340
31356
31380
31385
31385
31398
31401
31401
31412
31443
31446
31464
31467
31496
31515
31522
31523
31531
31544
31548
31559
31564
31567
31569
31576
31584
31587
31591
31619
31639
31658
31681
31689
31689
31693
31707
31726
31727
31764
31781
31784
31800
31802
31830
31841
31846
31858
31858
31860
31867
31874
31876
31889
31890
31892
31893
31900
31913
31915
31950
31969
31975
31984
31989
31995
32003
32007
32011
32033
32043
32090
32129
32130
32132
32147
32148
32161
32184
32192
32201
32204
32212
32221
32222
32238
32240
32268
32273
32276
32285
32299
32314
32318
32324
32324
32368
32370
32375
32376
32380
32387
32392
32407
32427
32432
32452
32457
32457
32470
32481
32482
32495
32508
32537
32555
32562
32565
32574
32586
32602
32636
32663
32668
32677
32681
32685
32694
32695
32721
32725
32725
32763
32767
32778
32787
32813
32814
32824
32826
32827
32828
32849
32861
32862
32866
32894
32900
32909
32938
32944
32952
32959
32966
32974
32986
32989
33037
33039
33044
33063
33078
33091
33106
33115
33118
33121
33121
33144
33161
33196
33202
33216
33235
33237
33240
33256
33262
33271
33273
33281
33297
33301
33310
33318
33318
33322
33322
33325
33340
33342
33343
33344
33347
33360
33361
33364
33370
33377
33399
33412
33414
33418
33419
33422
33437
33449
33461
33465
33474
33481
33482
33505
33527
33529
33535
33551
33575
33584
33584
33584
33598
33616
33628
33647
33653
33661
33665
33676
33685
33717
33724
33734
33742
33755
33778
33788
33789
33802
33817
33818
33830
33853
33854
33869
33879
33882
33887
33901
33928
33935
33949
33951
33959
33966
34002
34037
34041
34054
34059
34074
34077
34087
34088
34102
34102
34104
34109
34112
34133
34139
34142
34148
34154
34157
34159
34164
34165
34173
34178
34190
34191
34191
34194
34217
34245
34283
34299
34319
34348
34360
34374
34374
34407
34423
34427
34474
34506
34528
34531
34535
34536
34551
34552
34571
34592
34622
34650
34654
34654
34657
34659
34677
34678
34679
34692
34703
34721
34738
34749
34760
34782
34786
34791
34795
34812
34816
34820
34823
34849
34854
34919
34922
34926
34927
34929
34943
34947
34951
34953
34955
34955
34955
34962
34964
34977
34982
34983
34985
34990
34992
34993
34994
35021
35037
35057
35076
35084
35085
35107
35133
35135
35157
35174
35181
35191
35195
35212
35215
35218
35222
35249
35265
35267
35269
35271
35275
35291
35293
35296
35314
35341
35362
35364
35380
35391
35395
35396
35397
35411
35421
35423
35424
35425
35431
35479
35512
35532
35554
35570
35576
35588
35597
35601
35612
35616
35617
35638
35655
35658
35681
35683
35701
35723
35731
35743
35756
35757
35770
35775
35789
35804
35817
35825
35829
35829
35838
35857
35866
35873
35876
35878
35893
35919
35919
35924
35949
35951
35952
35957
35980
35986
35989
35991
36006
36009
36012
36017
36018
36026
36041
36047
36047
36057
36063
36067
36070
36086
36100
36101
36127
36135
36137
36140
36148
36161
36165
36179
36185
36194
36205
36209
36214
36217
36221
36224
36228
36228
36240
36259
36267
36284
36291
36308
36317
36324
36324
36334
36345
36365
36369
36371
36377
36383
36388
36388
36393
36406
36419
36421
36476
36507
36508
36522
36524
36528
36540
36553
36559
36582
36593
36595
36622
36629
36665
36667
36669
36678
36678
36683
36689
36692
36701
36723
36753
36761
36782
36792
36819
36848
36863
36867
36874
36888
36908
36915
36916
36920
36923
36928
36938
36939
36942
36943
36974
37000
37004
37008
37014
37027
37038
37051
37062
37076
37090
37098
37106
37131
37144
37146
37148
37152
37159
37164
37183
37192
37202
37232
37238
37238
37242
37253
37264
37268
37278
37282
37307
37323
37339
37345
37351
37356
37365
37383
37386
37388
37400
37404
37407
37413
37420
37427
37436
37439
37440
37443
37474
37476
37496
37497
37516
37537
37549
37566
37574
37585
37598
37606
37606
37606
37612
37617
37633
37637
37663
37663
37668
37675
37680
37688
37698
37706
37711
37712
37722
37735
37739
37744
37747
37752
37757
37767
37788
37801
37813
37826
37833
37858
37859
37860
37864
37881
37894
37906
37914
37961
38006
38017
38042
38052
38053
38060
38071
38072
38073
38081
38085
38101
38115
38127
38136
38137
38155
38173
38176
38193
38196
38197
38206
38206
38208
38210
38210
38217
38228
38236
38252
38255
38258
38259
38274
38289
38293
38303
38315
38347
38355
38358
38358
38360
38373
38382
38383
38390
38393
38400
38400
38405
38414
38431
38446
38446
38459
38498
38503
38504
38505
38506
38538
38549
38554
38556
38579
38594
38597
38600
38616
38627
38658
38668
38677
38691
38691
38709
38718
38737
38761
38768
38771
38806
38814
38844
38868
38869
38879
38885
38886
38912
38915
38934
38946
38962
38965
38975
38987
39008
39010
39014
39022
39024
39025
39034
39061
39064
39065
39067
39075
39078
39101
39106
39115
39116
39125
39131
39160
39168
39171
39184
39187
39188
39208
39244
39252
39273
39274
39274
39289
39291
39305
39325
39327
39331
39335
39341
39343
39356
39374
39382
39386
39395
39403
39406
39409
39425
39427
39440
39446
39449
39450
39459
39463
39464
39467
39470
39473
39482
39493
39503
39509
39526
39528
39536
39541
39542
39543
39556
39558
39558
39578
39579
39590
39608
39624
39639
39639
39641
39644
39656
39660
39667
39672
39676
39688
39718
39723
39727
39730
39751
39791
39795
39795
39807
39810
39820
39827
39831
39831
39842
39879
39891
39908
39917
39920
39926
39930
39941
39950
39953
39961
39966
39969
39986
40010
40011
40018
40019
40020
40030
40032
40061
40073
40079
40081
40082
40083
40090
40092
40096
40099
40107
40114
40114
40117
40143
40146
40150
40156
40158
40163
40165
40179
40183
40184
40189
40208
40211
40211
40233
40236
40238
40252
40255
40263
40270
40294
40313
40313
40324
40331
40335
40362
40378
40385
40394
40399
40400
40408
40419
40492
40493
40514
40526
40527
40528
40530
40534
40546
40549
40554
40556
40580
40586
40604
40612
40634
40639
40645
40688
40704
40705
40724
40729
40762
40763
40768
40773
40774
40776
40778
40780
40794
40809
40822
40839
40840
40847
40847
40853
40871
40871
40878
40894
40902
40930
40935
40939
40944
40999
41009
41015
41017
41026
41029
41032
41048
41056
41070
41077
41082
41086
41101
41106
41112
41115
41123
41124
41129
41149
41154
41163
41168
41170
41179
41182
41187
41238
41264
41268
41278
41286
41290
41304
41316
41316
41320
41324
41331
41331
41343
41357
41358
41360
41369
41372
41377
41385
41387
41394
41396
41406
41426
41459
41478
41497
41514
41529
41533
41538
41578
41581
41590
41593
41594
41597
41597
41601
41611
41612
41615
41620
41620
41626
41639
41654
41688
41689
41701
41729
41733
41746
41747
41750
41785
41787
41805
41818
41823
41834
41845
41849
41849
41854
41865
41869
41870
41872
41872
41880
41889
41904
41908
41927
41932
41938
41963
41968
41972
42021
42046
42050
42062
42062
42078
42082
42093
42098
42099
42103
42147
42173
42177
42201
42205
42228
42231
42255
42257
42259
42262
42263
42267
42272
42279
42283
42288
42304
42320
42326
42334
42338
42345
42368
42368
42393
42397
42397
42425
42433
42455
42458
42458
42466
42469
42482
42487
42496
42496
42499
42499
42507
42512
42527
42540
42541
42542
42546
42552
42579
42585
42603
42612
42639
42639
42653
42665
42691
42693
42715
42718
42734
42738
42756
42757
42758
42777
42793
42794
42802
42810
42835
42835
42850
42858
42864
42867
42884
42895
42895
42902
42921
42922
42938
42940
42947
42996
43001
43007
43013
43018
43023
43045
43080
43086
43105
43110
43128
43131
43132
43146
43151
43151
43160
43161
43165
43167
43176
43179
43182
43190
43198
43200
43216
43229
43238
43239
43239
43255
43288
43290
43292
43298
43348
43363
43375
43399
43434
43455
43462
43465
43467
43469
43473
43487
43491
43508
43513
43531
43534
43551
43554
43556
43557
43558
43581
43590
43606
43631
43647
43647
43670
43685
43734
43735
43742
43750
43752
43762
43765
43773
43775
43790
43798
43850
43854
43873
43889
43895
43897
43903
43918
43927
43931
43946
43949
43959
43974
43989
43998
44024
44033
44066
44099
44100
44100
44123
44133
44138
44145
44162
44165
44208
44209
44211
44255
44256
44288
44301
44302
44304
44331
44333
44337
44339
44342
44351
44368
44373
44383
44389
44390
44424
44434
44439
44448
44455
44462
44471
44474
44477
44506
44515
44533
44534
44536
44565
44572
44592
44592
44596
44602
44605
44608
44622
44635
44645
44648
44649
44649
44651
44659
44671
44677
44678
44689
44695
44707
44735
44744
44768
44791
44802
44802
44828
44829
44841
44842
44860
44862
44870
44880
44888
44889
44896
44930
44939
44961
44969
44989
44990
44995
45006
45013
45017
45018
45020
45024
45025
45026
45036
45043
45053
45054
45056
45072
45081
45100
45129
45138
45151
45157
45162
45165
45179
45194
45203
45208
45223
45237
45238
45242
45258
45271
45274
45276
45277
45305
45323
45326
45336
45337
45344
45351
45357
45366
45379
45394
45395
45400
45411
45414
45423
45423
45431
45437
45470
45491
45492
45501
45520
45542
45545
45558
45567
45569
45575
45583
45614
45615
45616
45641
45651
45655
45668
45673
45687
45689
45696
45698
45706
45717
45719
45738
45745
45754
45766
45770
45780
45785
45796
45796
45797
45799
45816
45822
45824
45827
45876
45876
45919
45929
45934
45937
45941
45946
45952
45959
45971
45974
45977
45991
46007
46022
46028
46033
46039
46042
46090
46095
46096
46099
46118
46119
46130
46134
46134
46146
46151
46159
46166
46168
46172
46182
46189
46193
46198
46200
46208
46221
46242
46244
46263
46278
46282
46296
46303
46307
46320
46340
46364
46380
46386
46387
46405
46408
46414
46427
46430
46430
46443
46461
46467
46468
46480
46481
46496
46503
46510
46511
46511
46512
46516
46520
46532
46538
46543
46548
46577
46594
46597
46625
46639
46660
46661
46664
46664
46669
46669
46680
46693
46693
46710
46712
46724
46731
46741
46743
46751
46752
46754
46771
46775
46809
46824
46827
46832
46835
46844
46864
46865
46871
46875
46876
46878
46882
46887
46887
46895
46898
46903
46933
46934
46940
46963
46965
46967
46981
46989
46994
46997
46998
47048
47067
47075
47083
47084
47084
47094
47097
47106
47115
47126
47134
47138
47142
47153
47195
47203
47212
47222
47229
47246
47250
47266
47268
47297
47297
47300
47317
47320
47334
47369
47369
47385
47392
47396
47402
47416
47422
47435
47439
47458
47460
47468
47469
47471
47473
47485
47487
47499
47505
47519
47531
47533
47543
47547
47560
47564
47572
47575
47580
47581
47584
47586
47615
47621
47623
47625
47660
47681
47686
47710
47712
47716
47722
47724
47732
47744
47753
47764
47769
47779
47786
47789
47792
47795
47802
47812
47817
47841
47848
47857
47865
47875
47882
47932
47933
47935
47948
47961
47978
47984
47986
47988
47991
47995
47998
48003
48022
48030
48042
48068
48070
48073
48082
48086
48097
48104
48105
48106
48111
48125
48135
48137
48140
48148
48155
48185
48199
48208
48220
48223
48223
48224
48230
48232
48236
48240
48268
48274
48276
48278
48280
48299
48310
48332
48340
48378
48386
48388
48397
48418
48452
48453
48456
48458
48463
48470
48485
48487
48494
48504
48515
48516
48523
48526
48530
48534
48534
48534
48559
48560
48579
48586
48589
48590
48604
48605
48624
48634
48648
48675
48687
48704
48761
48762
48769
48784
48801
48823
48831
48842
48848
48849
48873
48883
48888
48900
48900
48913
48921
48923
48933
48937
48951
48959
48977
48993
48993
49006
49025
49027
49034
49036
49036
49044
49051
49065
49078
49087
49095
49109
49111
49123
49135
49159
49171
49183
49200
49213
49222
49250
49271
49275
49286
49322
49326
49332
49335
49354
49369
49374
49376
49412
49416
49418
49419
49425
49452
49458
49471
49480
49481
49484
49490
49494
49498
49509
49512
49514
49514
49553
49557
49562
49562
49571
49574
49581
49582
49599
49601
49608
49624
49629
49631
49640
49640
49647
49649
49653
49670
49685
49686
49687
49698
49730
49744
49769
49794
49812
49819
49825
49828
49832
49837
49838
49848
49849
49852
49858
49861
49878
49884
49912
49914
49929
49932
49936
49943
49943
49947
49949
49969
49982
49982
49993
50001
50059
50072
50076
50076
50101
50115
50115
50131
50150
50156
50157
50159
50159
50161
50175
50176
50190
50208
50214
50251
50259
50275
50285
50301
50322
50324
50325
50335
50341
50349
50353
50363
50363
50366
50373
50374
50378
50404
50417
50422
50430
50439
50443
50469
50482
50486
50486
50491
50508
50516
50517
50522
50526
50536
50553
50566
50573
50580
50602
50604
50609
50612
50616
50621
50622
50645
50658
50693
50697
50700
50708
50709
50712
50713
50714
50724
50725
50728
50730
50732
50744
50745
50746
50754
50758
50763
50776
50781
50783
50795
50806
50812
50818
50848
50853
50857
50858
50859
50871
50879
50903
50916
50927
50932
50936
50943
50952
50962
50999
51020
51022
51022
51039
51050
51053
51059
51081
51084
51085
51115
51147
51150
51177
51195
51196
51199
51212
51246
51251
51253
51261
51292
51298
51307
51310
51314
51314
51315
51318
51328
51330
51374
51378
51380
51383
51406
51411
51412
51412
51417
51424
51441
51452
51460
51460
51472
51488
51502
51507
51523
51531
51537
51546
51556
51570
51586
51595
51601
51615
51617
51624
51625
51632
51637
51643
51651
51655
51661
51665
51668
51675
51684
51686
51702
51707
51707
51724
51727
51727
51732
51740
51760
51765
51786
51807
51831
51843
51860
51862
51870
51876
51895
51900
51910
51923
51932
51939
51947
51951
51965
51966
51971
52001
52007
52008
52012
52015
52033
52041
52051
52054
52061
52082
52087
52088
52090
52132
52137
52147
52167
52168
52179
52180
52184
52184
52194
52196
52204
52228
52233
52235
52244
52251
52264
52264
52314
52323
52324
52326
52332
52339
52347
52362
52364
52367
52384
52384
52385
52434
52439
52455
52461
52464
52465
52495
52520
52534
52537
52545
52577
52579
52585
52587
52591
52610
52612
52617
52622
52628
52634
52644
52644
52667
52671
52681
52687
52702
52706
52707
52709
52712
52716
52741
52752
52770
52796
52806
52810
52811
52822
52824
52839
52857
52867
52880
52892
52915
52926
52932
52937
52954
52969
52971
52981
52985
52992
53006
53008
53027
53048
53050
53054
53056
53064
53074
53079
53113
53123
53127
53135
53138
53139
53149
53151
53158
53160
53166
53168
53172
53183
53204
53225
53239
53240
53242
53250
53263
53268
53272
53273
53282
53295
53303
53309
53319
53327
53345
53350
53365
53366
53377
53381
53396
53399
53428
53434
53436
53440
53446
53460
53478
53479
53480
53481
53487
53489
53539
53544
53576
53578
53598
53615
53630
53632
53640
53650
53661
53664
53684
53687
53695
53697
53701
53706
53706
53711
53713
53717
53728
53730
53756
53763
53770
53770
53783
53793
53800
53804
53807
53829
53834
53835
53863
53882
53901
53907
53910
53910
53942
53947
53954
53965
53971
54000
54007
54008
54016
54024
54042
54057
54059
54061
54062
54064
54071
54087
54090
54109
54129
54131
54144
54155
54158
54165
54174
54185
54186
54191
54198
54205
54208
54211
54225
54227
54242
54259
54287
54294
54299
54300
54300
54306
54307
54328
54336
54341
54350
54351
54374
54375
54380
54381
54406
54412
54418
54441
54447
54450
54475
54478
54502
54505
54533
54540
54540
54541
54546
54565
54568
54572
54588
54595
54613
54613
54653
54657
54662
54664
54673
54674
54676
54734
54737
54748
54749
54766
54772
54790
54810
54837
54854
54866
54868
54870
54889
54890
54902
54908
54910
54921
54924
54925
54925
54941
54956
54981
54985
54987
54987
54989
54993
55006
55011
55027
55067
55074
55085
55089
55103
55126
55126
55136
55155
55165
55190
55192
55194
55196
55203
55204
55213
55217
55223
55246
55258
55260
55332
55346
55348
55390
55411
55425
55428
55434
55441
55459
55464
55466
55467
55472
55480
55499
55507
55508
55509
55510
55524
55534
55544
55544
55550
55551
55551
55561
55586
55609
55617
55626
55627
55633
55633
55638
55644
55657
55672
55677
55680
55680
55714
55733
55739
55739
55753
55768
55843
55862
55870
55871
55871
55892
55910
55924
55939
55951
55961
55965
55971
55973
55978
55980
55984
56011
56014
56024
56024
56035
56037
56053
56057
56088
56116
56150
56158
56164
56183
56186
56194
56200
56202
56202
56202
56208
56211
56218
56219
56238
56265
56279
56323
56326
56332
56365
56367
56374
56376
56384
56400
56408
56419
56435
56447
56456
56468
56480
56548
56552
56557
56562
56566
56569
56582
56583
56588
56591
56596
56601
56605
56618
56635
56648
56654
56656
56667
56687
56690
56692
56704
56705
56711
56724
56733
56739
56744
56749
56755
56760
56773
56843
56858
56867
56869
56872
56907
56914
56942
56971
56981
56985
56991
56995
56995
56999
57000
57009
57015
57018
57019
57021
57038
57042
57042
57054
57065
57077
57081
57093
57097
57104
57106
57112
57122
57123
57131
57141
57159
57181
57193
57195
57199
57215
57246
57264
57284
57300
57313
57315
57320
57330
57354
57356
57379
57382
57390
57392
57399
57400
57405
57414
57423
57427
57428
57441
57458
57472
57478
57485
57495
57502
57506
57510
57511
57511
57516
57546
57547
57575
57596
57598
57624
57624
57628
57646
57648
57658
57659
57670
57671
57688
57697
57710
57730
57731
57734
57764
57789
57797
57799
57801
57809
57814
57829
57865
57871
57873
57877
57892
57897
57897
57899
57900
57925
57930
57931
57939
57950
57965
57981
58014
58023
58031
58036
58049
58063
58085
58095
58095
58111
58115
58122
58123
58139
58164
58167
58191
58209
58210
58216
58224
58244
58254
58255
58259
58263
58264
58267
58267
58270
58305
58321
58321
58323
58325
58341
58346
58347
58376
58403
58404
58408
58432
58449
58473
58478
58482
58487
58491
58496
58507
58511
58518
58527
58533
58546
58555
58581
58584
58605
58607
58615
58637
58656
58657
58660
58670
58675
58678
58702
58713
58733
58765
58767
58793
58804
58804
58826
58830
58835
58845
58849
58855
58856
58865
58873
58874
58916
58922
58939
58945
58972
58979
58989
59004
59012
59013
59032
59039
59062
59079
59097
59100
59107
59112
59115
59130
59144
59149
59159
59166
59168
59181
59187
59213
59221
59233
59269
59272
59309
59318
59322
59327
59328
59350
59357
59368
59368
59369
59378
59382
59382
59384
59389
59397
59403
59421
59452
59463
59472
59484
59487
59487
59494
59528
59531
59535
59542
59547
59553
59583
59589
59594
59603
59608
59663
59670
59679
59685
59686
59687
59745
59746
59746
59778
59805
59814
59838
59842
59845
59845
59846
59856
59882
59883
59888
59908
59910
59915
59917
59924
59956
59973
59976
59977
59979
59983
59988
59995
60018
60033
60040
60051
60077
60102
60106
60113
60128
60144
60161
60169
60230
60267
60269
60273
60303
60327
60341
60360
60373
60374
60385
60418
60420
60422
60424
60426
60447
60448
60473
60476
60486
60501
60519
60525
60532
60536
60568
60568
60577
60577
60602
60604
60608
60610
60611
60638
60676
60692
60701
60704
60711
60716
60728
60735
60735
60740
60742
60749
60755
60764
60769
60773
60802
60806
60831
60857
60861
60882
60887
60893
60908
60923
60940
60946
60954
60965
60991
60997
61006
61010
61035
61053
61061
61070
61077
61082
61093
61102
61113
61114
61140
61141
61144
61148
61185
61186
61188
61189
61189
61190
61212
61251
61256
61257
61260
61271
61291
61319
61336
61338
61345
61377
61383
61416
61422
61432
61450
61456
61474
61479
61483
61483
61497
61516
61524
61524
61538
61541
61543
61550
61552
61563
61573
61584
61585
61598
61611
61636
61646
61647
61648
61648
61655
61655
61656
61662
61663
61693
61702
61720
61723
61746
61749
61759
61783
61814
61817
61819
61819
61828
61853
61865
61877
61883
61889
61903
61909
61915
61932
61942
61942
61945
61947
61949
61963
61983
61987
62012
62021
62064
62072
62074
62080
62080
62086
62090
62101
62105
62111
62121
62132
62138
62140
62156
62170
62174
62182
62188
62189
62207
62209
62246
62271
62272
62274
62283
62295
62298
62305
62320
62320
62322
62322
62338
62368
62382
62384
62390
62405
62407
62435
62441
62453
62478
62490
62497
62499
62504
62514
62518
62526
62534
62546
62547
62556
62568
62583
62589
62591
62599
62605
62643
62644
62645
62651
62652
62653
62656
62671
62703
62716
62735
62751
62764
62764
62773
62776
62793
62827
62828
62831
62835
62841
62845
62853
62855
62893
62914
62916
62919
62928
62942
62963
62967
62975
62979
62993
62995
63014
63026
63036
63041
63048
63067
63068
63098
63099
63110
63117
63140
63144
63149
63164
63166
63194
63209
63210
63226
63249
63261
63284
63305
63305
63308
63309
63330
63344
63345
63355
63380
63381
63408
63418
63426
63427
63434
63450
63466
63497
63501
63512
63540
63544
63547
63548
63568
63578
63583
63597
63617
63627
63631
63634
63638
63639
63640
63651
63654
63679
63694
63696
63706
63713
63717
63725
63727
63728
63729
63748
63756
63765
63771
63775
63778
63780
63784
63784
63795
63803
63816
63818
63823
63844
63868
63877
63883
63900
63909
63913
63941
63942
63947
63972
63976
64009
64078
64110
64115
64121
64130
64149
64160
64173
64197
64207
64207
64219
64227
64227
64229
64283
64295
64303
64307
64332
64339
64346
64369
64386
64390
64429
64436
64437
64448
64460
64466
64468
64481
64485
64504
64563
64563
64589
64590
64596
64603
64619
64620
64624
64625
64628
64635
64636
64640
64653
64656
64663
64668
64679
64699
64705
64742
64756
64758
64763
64765
64793
64794
64823
64828
64846
64865
64886
64900
64903
64911
64922
64939
64941
64950
64953
64981
64986
65005
65010
65011
65013
65013
65018
65026
65035
65055
65058
65067
65084
65089
65107
65114
65151
65171
65173
65176
65187
65191
65195
65208
65210
65214
65227
65235
65238
65239
65251
65252
65297
65321
65324
65356
65372
65376
65388
65398
65421
65434
65444
65447
65452
65466
65492
65494
65503
65506
65508
65513
65515
65549
65552
65554
65557
65561
65596
65598
65606
65611
65611
65624
65628
65640
65640
65644
65649
65667
65686
65698
65703
65706
65713
65715
65756
65776
65777
65778
65785
65791
65805
65810
65838
65839
65882
65909
65925
65929
65933
65937
65938
65945
65956
65960
65979
65993
65999
66001
66008
66045
66049
66053
66061
66075
66080
66084
66084
66115
66117
66127
66133
66155
66165
66174
66185
66200
66201
66202
66215
66223
66243
66259
66266
66275
66279
66284
66286
66291
66317
66328
66340
66350
66360
66364
66381
66401
66415
66422
66437
66442
66461
66485
66493
66504
66509
66519
66555
66579
66584
66594
66601
66643
66644
66660
66672
66673
66674
66683
66696
66706
66754
66759
66771
66780
66790
66821
66858
66860
66869
66889
66892
66896
66900
66926
66939
66940
66943
66945
66950
66968
66969
66991
66994
66997
67019
67021
67028
67031
67052
67057
67061
67065
67067
67076
67079
67081
67091
67105
67106
67110
67115
67116
67126
67126
67129
67148
67152
67156
67183
67186
67187
67191
67207
67219
67234
67236
67258
67262
67263
67264
67284
67286
67290
67299
67313
67346
67348
67355
67355
67368
67375
67384
67395
67404
67406
67426
67439
67451
67452
67477
67498
67511
67542
67551
67566
67584
67587
67588
67591
67591
67604
67604
67604
67621
67636
67642
67643
67650
67662
67694
67724
67730
67757
67804
67806
67807
67814
67818
67824
67841
67849
67880
67887
67888
67902
67902
67915
67917
67917
67920
67926
67931
67952
67955
67978
67982
67986
68023
68044
68049
68053
68057
68065
68074
68080
68086
68087
68088
68089
68110
68116
68133
68139
68141
68166
68172
68174
68177
68180
68180
68183
68205
68207
68225
68256
68283
68285
68287
68293
68309
68324
68325
68332
68336
68338
68352
68373
68375
68380
68383
68388
68398
68421
68430
68448
68452
68454
68463
68491
68492
68495
68499
68508
68546
68549
68565
68567
68575
68578
68579
68591
68603
68645
68659
68661
68666
68686
68687
68689
68732
68757
68765
68767
68813
68841
68861
68876
68884
68894
68898
68932
68942
68966
68984
68990
68997
68998
69023
69039
69047
69049
69054
69063
69063
69064
69072
69072
69084
69111
69123
69178
69226
69230
69245
69260
69262
69270
69281
69290
69293
69296
69297
69303
69309
69319
69324
69329
69331
69346
69361
69372
69376
69381
69386
69388
69389
69391
69398
69405
69414
69450
69452
69455
69470
69471
69473
69492
69519
69521
69523
69523
69532
69534
69554
69566
69577
69577
69594
69596
69597
69625
69627
69643
69644
69654
69657
69659
69662
69665
69690
69691
69693
69704
69705
69707
69710
69730
69730
69739
69740
69753
69766
69768
69799
69813
69816
69817
69818
69818
69825
69830
69843
69870
69873
69874
69878
69885
69909
69915
69917
69951
69953
69954
69967
69969
69988
70037
70042
70057
70072
70078
70078
70081
70090
70092
70129
70147
70174
70208
70209
70215
70219
70229
70250
70294
70295
70300
70323
70337
70358
70367
70374
70387
70400
70403
70410
70412
70437
70448
70448
70463
70478
70480
70482
70488
70497
70543
70569
70610
70622
70648
70651
70665
70681
70682
70693
70697
70699
70752
70767
70768
70786
70787
70800
70803
70807
70812
70816
70820
70823
70828
70830
70847
70849
70855
70863
70865
70871
70874
70888
70912
70926
70926
70956
70956
70958
70986
70989
70993
71000
71007
71009
71010
71026
71028
71036
71044
71062
71069
71089
71091
71099
71112
71128
71145
71150
71159
71171
71179
71180
71181
71182
71195
71213
71217
71219
71220
71246
71248
71248
71269
71273
71282
71284
71296
71310
71312
71325
71327
71332
71333
71357
71362
71377
71378
71396
71429
71434
71445
71445
71454
71457
71459
71465
71469
71487
71534
71546
71556
71575
71588
71602
71612
71656
71658
71697
71701
71701
71707
71719
71738
71740
71761
71761
71764
71771
71781
71784
71798
71818
71820
71824
71829
71830
71835
71853
71865
71865
71873
71876
71890
71893
71914
71921
71923
71924
71926
71962
71968
71977
71977
71978
71979
71981
71984
71986
72006
72042
72044
72047
72050
72051
72059
72068
72069
72110
72119
72121
72133
72138
72139
72141
72161
72164
72167
72175
72190
72192
72198
72206
72207
72221
72222
72249
72268
72269
72280
72281
72283
72287
72320
72322
72330
72346
72347
72365
72367
72401
72401
72410
72440
72445
72479
72480
72486
72500
72521
72524
72533
72542
72550
72559
72571
72583
72609
72625
72630
72633
72637
72645
72646
72649
72654
72656
72663
72690
72699
72742
72759
72768
72776
72789
72790
72797
72815
72828
72849
72856
72861
72871
72881
72883
72903
72918
72924
72939
72942
72942
72958
72965
72988
73007
73045
73056
73073
73074
73079
73098
73109
73124
73142
73170
73177
73179
73186
73192
73203
73204
73204
73210
73217
73245
73250
73267
73297
73306
73314
73319
73321
73329
73341
73354
73359
73379
73385
73388
73391
73395
73403
73418
73419
73419
73425
73439
73447
73458
73475
73478
73481
73499
73499
73502
73516
73518
73564
73569
73576
73587
73596
73601
73605
73618
73634
73658
73675
73690
73697
73711
73727
73729
73730
73735
73739
73744
73771
73783
73788
73789
73792
73804
73815
73816
73816
73826
73830
73832
73837
73860
73863
73871
73871
73878
73880
73892
73900
73910
73914
73918
73933
73946
73948
73963
73972
73974
73985
73996
73997
74035
74043
74055
74064
74064
74064
74069
74098
74101
74105
74116
74117
74131
74157
74168
74171
74178
74181
74183
74235
74252
74260
74261
74297
74303
74320
74336
74346
74349
74355
74358
74367
74376
74382
74385
74389
74397
74410
74414
74417
74424
74425
74446
74456
74478
74494
74503
74510
74511
74524
74536
74552
74556
74560
74562
74566
74567
74568
74570
74596
74599
74603
74604
74628
74641
74676
74705
74710
74719
74720
74741
74741
74748
74753
74763
74777
74793
74799
74805
74829
74838
74839
74841
74854
74878
74879
74885
74886
74904
74912
74914
74928
74933
74947
74954
74958
74964
74964
74989
74995
75002
75006
75018
75019
75021
75022
75031
75053
75058
75061
75064
75078
75105
75105
75118
75141
75150
75160
75170
75197
75213
75224
75224
75226
75252
75253
75261
75277
75278
75298
75299
75311
75313
75320
75332
75343
75349
75357
75361
75384
75414
75429
75432
75443
75448
75448
75454
75456
75502
75503
75509
75511
75514
75518
75525
75532
75538
75543
75564
75583
75584
75585
75588
75604
75612
75614
75620
75626
75631
75637
75646
75652
75653
75655
75666
75677
75689
75693
75705
75710
75711
75726
75786
75794
75802
75819
75824
75830
75831
75839
75839
75841
75847
75848
75848
75855
75860
75861
75872
75874
75881
75898
75915
75922
75947
75961
75966
75969
75977
75978
75980
75983
76003
76021
76023
76033
76053
76081
76087
76103
76111
76112
76118
76121
76123
76125
76136
76144
76156
76182
76197
76204
76205
76214
76222
76230
76236
76247
76268
76282
76284
76284
76317
76323
76325
76332
76334
76337
76354
76355
76366
76378
76384
76428
76441
76456
76461
76486
76488
76498
76512
76541
76586
76592
76594
76596
76602
76612
76616
76649
76655
76655
76659
76663
76696
76700
76720
76724
76729
76743
76751
76752
76788
76792
76810
76845
76860
76868
76871
76880
76882
76898
76898
76905
76945
76957
76968
76978
76980
76984
76987
76992
77000
77005
77028
77031
77039
77046
77048
77053
77053
77062
77098
77099
77102
77124
77153
77160
77164
77166
77171
77181
77187
77210
77233
77238
77245
77247
77254
77270
77282
77295
77296
77296
77329
77333
77338
77341
77354
77385
77406
77408
77416
77424
77430
77432
77432
77438
77439
77439
77441
77441
77441
77443
77482
77495
77501
77515
77516
77517
77529
77542
77558
77584
77591
77600
77605
77624
77643
77665
77674
77674
77675
77676
77690
77697
77698
77699
77700
77713
77728
77733
77751
77758
77758
77763
77771
77795
77802
77819
77835
77890
77895
77899
77902
77917
77918
77922
77956
77985
78029
78040
78058
78066
78078
78114
78122
78128
78133
78138
78139
78155
78156
78166
78167
78183
78214
78222
78240
78259
78259
78261
78281
78290
78307
78318
78337
78371
78373
78375
78426
78442
78462
78463
78474
78486
78496
78497
78509
78510
78520
78524
78537
78553
78557
78559
78568
78572
78573
78586
78605
78610
78638
78641
78641
78644
78653
78661
78668
78685
78720
78720
78721
78735
78736
78738
78750
78751
78770
78787
78794
78797
78803
78810
78811
78858
78864
78867
78878
78878
78915
78920
78923
78926
78948
78956
78992
79008
79010
79016
79017
79039
79047
79080
79095
79101
79106
79109
79126
79134
79138
79187
79187
79190
79205
79225
79229
79243
79249
79257
79259
79288
79299
79307
79309
79309
79312
79352
79364
79369
79370
79372
79377
79378
79383
79385
79399
79405
79413
79422
79438
79448
79467
79467
79493
79512
79516
79517
79531
79538
79539
79539
79540
79557
79571
79589
79589
79595
79599
79599
79613
79625
79630
79642
79647
79648
79650
79656
79696
79709
79725
79726
79735
79740
79749
79764
79767
79770
79782
79784
79799
79804
79815
79818
79856
79862
79870
79891
79895
79897
79904
79919
79934
79944
79964
79967
79970
79975
79975
79975
79978
79989
80000
80009
80012
80015
80018
80045
80047
80066
80070
80113
80118
80125
80134
80138
80154
80155
80156
80203
80207
80226
80232
80232
80233
80248
80262
80266
80286
80290
80292
80294
80341
80356
80357
80368
80381
80388
80400
80407
80408
80435
80437
80441
80444
80454
80465
80474
80481
80484
80495
80503
80504
80513
80522
80524
80534
80553
80558
80560
80563
80581
80603
80606
80614
80620
80634
80652
80655
80661
80671
80700
80718
80727
80750
80770
80776
80791
80806
80813
80868
80880
80884
80891
80893
80910
80914
80917
80918
80932
80963
80969
80979
80983
81011
81011
81031
81055
81064
81076
81080
81086
81107
81111
81112
81121
81121
81130
81187
81191
81203
81203
81221
81234
81264
81269
81279
81281
81303
81306
81333
81338
81379
81383
81392
81393
81397
81428
81429
81440
81457
81488
81503
81506
81519
81525
81554
81562
81569
81570
81589
81591
81603
81615
81617
81619
81622
81632
81646
81654
81663
81680
81682
81685
81690
81709
81733
81733
81740
81740
81761
81768
81808
81819
81834
81840
81843
81861
81866
81867
81867
81869
81872
81873
81888
81897
81907
81912
81914
81916
81920
81924
81931
81941
81959
81962
81964
81995
81996
81997
82017
82036
82046
82047
82065
82080
82085
82085
82107
82123
82129
82131
82136
82149
82150
82154
82155
82164
82169
82172
82174
82175
82177
82189
82194
82205
82206
82211
82226
82229
82239
82269
82270
82278
82285
82286
82300
82314
82332
82356
82382
82388
82390
82393
82401
82425
82430
82433
82453
82465
82466
82467
82468
82475
82486
82491
82500
82502
82520
82552
82558
82564
82579
82601
82618
82627
82643
82653
82663
82699
82713
82730
82752
82792
82807
82809
82821
82830
82833
82838
82841
82858
82859
82865
82881
82882
82910
82915
82915
82920
82934
82941
82946
82947
82954
82965
82976
82982
83004
83013
83015
83029
83029
83034
83037
83065
83089
83090
83143
83158
83175
83178
83180
83208
83221
83225
83232
83245
83251
83252
83260
83263
83269
83278
83289
83302
83309
83327
83354
83355
83379
83386
83397
83428
83435
83438
83439
83471
83483
83488
83498
83514
83516
83516
83540
83551
83558
83567
83580
83591
83592
83597
83597
83605
83619
83620
83626
83627
83633
83645
83652
83679
83697
83712
83723
83730
83739
83747
83756
83757
83758
83759
83765
83772
83784
83798
83807
83808
83827
83834
83838
83838
83842
83845
83846
83861
83873
83890
83894
83920
83930
83941
83949
83964
83996
83998
84001
84008
84008
84019
84030
84032
84063
84064
84065
84095
84105
84108
84113
84128
84141
84142
84147
84153
84156
84159
84170
84178
84180
84190
84192
84224
84226
84228
84246
84247
84249
84280
84304
84311
84320
84330
84330
84332
84340
84360
84388
84395
84414
84428
84437
84451
84465
84477
84479
84479
84495
84505
84510
84525
84525
84551
84573
84610
84629
84645
84650
84656
84658
84672
84680
84681
84708
84710
84711
84724
84734
84736
84740
84758
84766
84771
84774
84786
84790
84801
84813
84818
84820
84826
84837
84866
84872
84873
84875
84891
84902
84908
84910
84919
84928
84945
84949
84953
84962
84986
84987
84990
84997
85010
85019
85030
85043
85052
85066
85075
85105
85106
85124
85134
85148
85163
85164
85165
85166
85170
85172
85175
85177
85187
85199
85201
85206
85212
85218
85224
85248
85253
85253
85254
85266
85267
85273
85275
85291
85293
85293
85294
85307
85329
85350
85381
85383
85386
85409
85415
85429
85435
85455
85456
85470
85471
85477
85483
85494
85513
85521
85540
85562
85572
85577
85581
85584
85590
85599
85602
85627
85630
85633
85635
85640
85642
85653
85679
85679
85692
85710
85721
85722
85763
85785
85795
85808
85810
85815
85838
85841
85851
85869
85875
85891
85894
85898
85917
85919
85953
85969
85990
86008
86012
86020
86022
86033
86046
86047
86048
86053
86053
86061
86072
86078
86078
86093
86100
86105
86110
86131
86143
86148
86150
86152
86161
86170
86176
86187
86203
86203
86207
86219
86228
86231
86261
86277
86280
86303
86307
86340
86341
86346
86367
86370
86378
86379
86383
86421
86441
86443
86455
86478
86479
86488
86499
86509
86526
86532
86533
86539
86542
86560
86570
86585
86627
86637
86656
86665
86679
86684
86685
86697
86699
86742
86756
86758
86779
86782
86783
86786
86802
86805
86809
86814
86827
86829
86845
86851
86851
86864
86867
86870
86872
86891
86902
86918
86920
86921
86924
86934
86938
86939
86960
86981
86996
87000
87012
87019
87020
87044
87049
87086
87100
87123
87140
87142
87174
87231
87233
87252
87253
87259
87272
87293
87307
87314
87330
87388
87398
87407
87407
87408
87423
87425
87440
87473
87485
87486
87487
87497
87502
87502
87504
87507
87535
87553
87553
87558
87561
87576
87589
87590
87598
87631
87636
87636
87638
87651
87654
87665
87666
87683
87692
87701
87711
87731
87741
87761
87772
87785
87785
87827
87833
87857
87871
87908
87913
87955
87964
87969
87994
87999
88025
88028
88045
88075
88090
88103
88123
88124
88133
88138
88141
88143
88161
88198
88201
88207
88230
88257
88274
88281
88284
88287
88296
88332
88333
88333
88346
88347
88384
88394
88419
88422
88427
88429
88437
88449
88455
88456
88459
88463
88464
88467
88468
88472
88479
88501
88504
88512
88514
88517
88534
88535
88543
88546
88550
88589
88597
88607
88613
88617
88625
88632
88635
88637
88650
88655
88656
88656
88657
88659
88661
88663
88664
88664
88672
88675
88694
88728
88737
88753
88754
88755
88761
88761
88763
88772
88788
88795
88798
88818
88821
88826
88829
88836
88847
88850
88851
88858
88870
88882
88885
88895
88914
88927
88937
88958
88960
88971
88975
88987
88995
89006
89013
89017
89023
89054
89063
89068
89071
89078
89083
89083
89083
89094
89096
89099
89106
89108
89115
89120
89121
89123
89135
89145
89147
89157
89157
89161
89162
89166
89180
89181
89190
89192
89196
89197
89200
89203
89206
89216
89227
89229
89231
89253
89257
89290
89303
89309
89313
89320
89348
89356
89361
89364
89365
89387
89394
89403
89428
89464
89468
89469
89470
89480
89486
89486
89488
89496
89507
89509
89510
89511
89513
89517
89533
89533
89539
89551
89551
89554
89559
89568
89570
89576
89587
89588
89596
89608
89618
89621
89649
89657
89658
89662
89663
89664
89676
89703
89721
89726
89745
89770
89783
89808
89839
89861
89862
89872
89881
89887
89892
89902
89902
89909
89916
89935
89944
89960
89965
89970
89998
90014
90014
90014
90021
90032
90042
90056
90066
90069
90083
90107
90117
90133
90137
90151
90160
90171
90180
90181
90190
90202
90218
90221
90223
90243
90254
90267
90279
90281
90286
90304
90322
90326
90327
90333
90338
90338
90339
90359
90364
90371
90388
90395
90430
90447
90448
90454
90457
90460
90465
90492
90502
90517
90522
90523
90554
90588
90589
90599
90603
90605
90622
90626
90628
90631
90638
90639
90647
90648
90664
90679
90682
90683
90686
90687
90703
90732
90741
90763
90768
90806
90836
90843
90858
90864
90864
90884
90889
90896
90902
90938
90941
90943
90945
90947
90949
90950
90952
90959
90962
90963
90976
90976
90979
90985
90999
91006
91019
91026
91028
91029
91050
91060
91062
91063
91076
91077
91078
91081
91081
91108
91115
91117
91125
91129
91130
91135
91139
91156
91159
91160
91175
91205
91214
91228
91244
91249
91258
91259
91260
91263
91274
91283
91284
91292
91294
91311
91312
91315
91316
91332
91348
91350
91351
91358
91374
91384
91384
91408
91422
91448
91459
91474
91480
91481
91503
91528
91530
91545
91552
91560
91563
91563
91564
91575
91613
91615
91630
91642
91645
91646
91658
91680
91696
91729
91730
91730
91738
91740
91752
91769
91775
91785
91824
91841
91868
91908
91917
91935
91950
91963
91980
91989
91992
91995
91997
92010
92011
92028
92030
92030
92043
92045
92050
92054
92075
92077
92081
92085
92118
92119
92131
92142
92152
92174
92188
92193
92199
92206
92220
92240
92244
92244
92245
92254
92259
92286
92293
92297
92307
92317
92319
92320
92351
92358
92368
92368
92369
92375
92375
92410
92426
92436
92453
92459
92462
92464
92472
92477
92488
92520
92536
92550
92562
92573
92574
92583
92585
92592
92595
92601
92606
92631
92637
92650
92674
92675
92685
92685
92691
92700
92711
92712
92725
92731
92755
92768
92769
92781
92787
92791
92814
92829
92835
92842
92843
92850
92855
92859
92861
92874
92885
92890
92896
92901
92909
92921
92929
92929
92946
92965
92978
92987
93011
93039
93058
93064
93079
93084
93090
93091
93094
93124
93149
93156
93178
93186
93189
93191
93196
93212
93215
93217
93219
93219
93222
93222
93224
93227
93231
93240
93249
93251
93278
93289
93295
93304
93309
93315
93337
93350
93351
93416
93434
93448
93452
93465
93468
93472
93477
93497
93498
93519
93529
93532
93536
93548
93563
93564
93574
93580
93596
93605
93609
93611
93614
93630
93635
93652
93678
93681
93694
93694
93695
93720
93732
93775
93812
93812
93819
93822
93844
93864
93892
93896
93903
93907
93933
93934
93939
93939
93943
93943
93943
93951
93999
94013
94016
94018
94033
94059
94068
94071
94071
94072
94081
94102
94130
94132
94154
94157
94157
94160
94169
94187
94196
94209
94209
94218
94237
94242
94247
94254
94255
94256
94259
94266
94267
94276
94287
94304
94310
94318
94319
94327
94329
94338
94341
94341
94363
94364
94382
94382
94385
94389
94398
94400
94400
94401
94408
94410
94425
94430
94434
94436
94449
94457
94462
94467
94480
94489
94521
94528
94528
94530
94539
94551
94571
94575
94578
94584
94586
94600
94602
94611
94619
94620
94622
94627
94645
94650
94656
94660
94666
94673
94674
94681
94682
94708
94710
94713
94724
94748
94765
94767
94775
94797
94809
94819
94820
94831
94859
94880
94899
94902
94902
94909
94910
94914
94925
94925
94928
94932
94995
95027
95029
95062
95068
95105
95114
95118
95118
95123
95135
95139
95143
95145
95147
95156
95164
95167
95170
95188
95200
95213
95216
95217
95225
95228
95257
95260
95272
95273
95314
95332
95342
95342
95370
95373
95374
95378
95379
95389
95395
95396
95414
95435
95461
95485
95486
95495
95507
95519
95526
95538
95550
95557
95568
95575
95576
95590
95593
95603
95604
95606
95606
95614
95620
95627
95627
95628
95635
95663
95675
95676
95690
95698
95727
95741
95744
95758
95771
95773
95789
95796
95797
95803
95805
95820
95824
95840
95844
95849
95851
95873
95899
95909
95919
95923
95929
95934
95946
95953
95967
95968
95975
95988
96013
96021
96026
96026
96035
96046
96111
96111
96118
96126
96126
96130
96133
96134
96137
96145
96149
96171
96172
96179
96185
96187
96188
96191
96216
96224
96231
96235
96237
96239
96241
96241
96250
96260
96266
96266
96269
96275
96276
96284
96293
96297
96298
96315
96323
96335
96361
96365
96371
96374
96394
96401
96411
96425
96480
96489
96493
96497
96517
96543
96556
96560
96572
96623
96631
96634
96638
96639
96640
96675
96677
96678
96683
96703
96706
96729
96735
96743
96767
96770
96780
96785
96808
96829
96835
96840
96844
96846
96865
96867
96871
96874
96923
96927
96931
96946
96949
96975
96976
96991
97017
97023
97029
97030
97065
97094
97095
97110
97114
97120
97145
97167
97176
97178
97180
97185
97189
97210
97226
97232
97254
97254
97257
97268
97305
97319
97320
97349
97396
97399
97406
97415
97435
97441
97448
97476
97480
97501
97508
97513
97517
97543
97553
97554
97562
97564
97566
97588
97588
97594
97610
97617
97617
97622
97627
97627
97628
97631
97635
97647
97662
97674
97691
97693
97700
97710
97711
97712
97715
97733
97739
97763
97764
97768
97773
97775
97779
97787
97793
97806
97809
97815
97828
97830
97830
97831
97836
97839
97839
97839
97850
97853
97853
97856
97877
97880
97898
97902
97907
97914
97929
97947
97951
97952
97963
97973
97987
97992
98000
98006
98008
98011
98019
98032
98040
98047
98061
98063
98066
98074
98092
98098
98112
98118
98137
98154
98170
98171
98176
98177
98181
98210
98213
98215
98248
98271
98274
98281
98282
98298
98304
98333
98336
98339
98354
98364
98373
98379
98394
98395
98401
98403
98443
98447
98464
98487
98490
98495
98497
98502
98514
98535
98556
98579
98580
98580
98587
98597
98609
98611
98619
98621
98625
98637
98640
98660
98666
98675
98685
98700
98710
98712
98737
98750
98763
98764
98767
98781
98786
98796
98797
98810
98822
98827
98829
98832
98859
98861
98867
98876
98884
98910
98920
98930
98990
99001
99048
99048
99049
99068
99080
99086
99106
99133
99133
99144
99156
99158
99176
99192
99213
99214
99220
99232
99233
99245
99246
99267
99270
99272
99273
99289
99296
99306
99318
99328
99332
99337
99342
99345
99355
99363
99365
99374
99388
99401
99406
99412
99461
99461
99469
99481
99484
99485
99542
99562
99572
99595
99597
99599
99627
99644
99646
99648
99662
99684
99693
99695
99701
99713
99717
99734
99736
99749
99751
99762
99776
99782
99787
99790
99802
99815
99822
99832
99852
99860
99864
99869
99877
99883
99895
99902
99904
99907
99923
99952
99955
99993
99999
100000