110
180
313
478
630
700
843
876
883
1134
1135
1275
1278
1413
1474
1521
1623
1672
1777
2094
2165
2203
2258
2322
2411
2432
2484
2530
2651
2741
2904
2974
3272
3285
3286
3482
3549
3732
3840
3906
4012
4021
4037
4238
4388
4539
4799
4821
4956
5004
5076
5287
5403
5449
5558
5852
5861
5877
5911
6075
6116
6122
6150
6296
6415
6425
6456
6607
6699
6757
6790
7030
7043
7073
7079
7103
7204
7314
7453
7524
7547
7743
7769
7823
7885
7999
8125
8162
8181
8365
8463
8546
8578
8637
8842
8859
8939
9039
9086
9248
9378
9425
9440
9513
9562
9575
9733
9756
9845
9918
9919
10004
10208
10246
10304
10449
10679
10683
10753
10894
11014
11206
11531
11536
11907
11922
11995
12079
12090
12117
12147
12230
12280
12281
12323
12584
12611
12663
12955
13027
13255
13347
13444
13461
13540
13553
13566
13654
13758
14264
14268
14334
14537
14620
14766
14838
14857
14993
15173
15316
15422
15443
15479
15780
15789
15845
15950
16042
16163
16197
16238
16242
16276
16310
16389
16829
16934
17040
17223
17343
17405
17513
17644
17780
17791
18041
18115
18160
18246
18317
18351
18602
18625
18713
18857
19117
19233
19397
19434
19523
19567
19599
19615
19825
19827
19892
19948
20172
20217
20219
20306
20361
20663
20692
20804
20886
20932
20986
21119
21187
21219
21529
21544
21551
21738
21880
21931
21936
22025
22105
22155
22168
22231
22233
22271
22320
22427
22602
22706
22818
22847
23016
23019
23065
23214
23227
23419
23440
23600
23691
23703
23739
23792
23841
23964
23991
23991
24193
24240
24357
24385
24581
24623
24682
24762
24904
25079
25167
25312
25410
25444
25468
25541
25615
25757
25971
25984
25985
26043
26154
26161
26277
26393
26622
26720
26753
26805
26837
26873
27010
27079
27091
27187
27258
27310
27446
27457
27618
27722
27753
27783
27874
28013
28020
28076
28138
28200
28290
28464
28758
28773
28801
29084
29120
29367
29457
29457
29587
29764
29821
29938
29991
30037
30300
30349
30401
30465
30539
30709
30752
30883
31115
31157
31419
31526
31606
31878
31881
31960
31961
31992
32030
32066
32094
32120
32416
32471
32609
32627
32866
32873
32998
33193
33269
33311
33346
33348
33358
33543
33616
33657
33670
33722
33819
33972
33992
34156
34174
34174
34455
34557
34683
34776
35495
35565
35724
35839
36025
36141
36184
36198
36208
36274
36309
36509
36579
36609
36694
36754
36876
37220
37221
37302
37351
37409
37514
37565
37692
37884
38088
38093
38098
38141
38255
38278
38334
38366
38399
38520
38674
38746
38865
38910
39357
39382
39446
39530
39616
39824
39938
39957
40216
40287
40515
40605
40648
40917
40934
40972
40976
40995
41084
41165
41229
41307
41605
41723
41820
41875
41908
41930
42160
42175
42221
42287
42400
42405
42560
42754
43369
43630
43645
43689
43706
43830
43951
44045
44063
44077
44302
44430
44444
44638
44730
44941
44958
45095
45171
45272
45544
45617
45642
45762
45786
45869
45875
46011
46101
46140
46152
46320
46397
46494
46586
46608
46649
46653
46698
47045
47157
47504
47628
47711
47801
47863
47956
47997
48180
48189
48529
48532
48594
48667
48732
48791
48890
48988
48999
49032
49043
49044
49058
49128
49146
49434
49466
49478
49564
49745
49835
49868
49986
49989
50006
50029
50076
50282
50341
50414
50519
50618
50727
50878
50882
51045
51119
51176
51186
51224
51263
51281
51410
51416
51435
51685
51782
51805
51829
52074
52361
52407
52454
52482
52637
52740
52808
52831
52966
53068
53200
53247
53599
53610
53685
53726
53795
53848
53910
54050
54057
54071
54189
54359
54526
54556
54684
54727
54832
55038
55174
55308
55316
55338
55374
55565
55964
56024
56249
56365
56535
56682
56844
56935
56936
56978
56993
57093
57116
57477
57526
57802
58102
58235
58269
58281
58633
58652
58875
58997
59139
59205
59235
59291
59331
59393
59578
59819
59853
60000
60208
60331
60412
60593
60602
60683
60737
60755
61096
61184
61360
61368
61379
61484
61580
61626
61719
61837
61869
62014
62177
62292
62342
62398
62407
62488
62503
62524
62553
62622
62635
62678
62683
62684
62737
62738
62760
62967
63047
63078
63300
63593
63615
64033
64102
64149
64331
64420
64895
64900
65346
65512
65521
65574
65694
65763
65854
65883
65897
65985
66148
66450
66458
66464
66512
66519
66644
66734
66748
66846
66860
66878
66905
67162
67298
67327
67404
67411
67646
67694
68038
68044
68083
68094
68208
68300
68386
68456
68460
68498
68548
68723
68942
68999
69049
69581
69795
69805
70004
70086
70105
70124
70299
70365
70641
70876
70897
71014
71244
71249
71294
71306
71315
71367
71510
71654
71704
71853
71949
72343
72397
72517
72804
72809
73100
73116
73250
73310
73648
73747
73957
73967
74428
74638
74764
74949
75026
75094
75127
75240
75260
75449
75531
75570
75677
76021
76034
76122
76393
76402
76433
76556
76682
76849
76851
76885
77171
77188
77249
77346
77391
77436
77520
77543
77550
77584
77763
77785
77793
77796
77835
77923
78083
78106
78123
78162
78247
78265
78517
78659
78688
78746
78768
78829
78865
79173
79204
79217
79262
79278
79312
79371
79419
79438
79553
79618
79624
79664
79769
79879
80053
80265
80400
80409
80538
80668
80678
80680
80700
80765
81021
81024
81192
81237
81511
81551
81703
81717
81725
81787
81806
81872
81891
81936
81965
82005
82077
82096
82264
82282
82295
82334
82456
82788
83074
83080
83203
83463
83527
83661
83722
83801
83905
84064
84168
84753
84781
84855
84912
85014
85112
85142
85623
85724
85750
85926
86105
86184
86195
86245
86584
86615
87243
87278
87337
87448
87455
87502
87562
87763
87826
87965
88180
88534
88665
88706
88913
89166
89432
89646
89764
89766
89879
89986
90116
90289
90298
90329
90476
90654
90693
90732
90807
90874
90965
90966
91067
91133
91331
91371
91511
91611
91624
91627
91709
91789
91946
91978
92100
92134
92204
92330
92414
92476
92757
92773
92852
93313
93381
93388
93759
93786
93883
94010
94129
94158
94260
94269
94490
94571
94584
94872
94956
94979
95017
95029
95029
95283
95403
95613
95615
95656
95722
95823
95864
95987
96208
96218
96327
96347
96358
96679
96735
96784
96843
96925
96977
97122
97253
97258
97419
97671
97793
97998
98047
98261
98305
98350
98453
98516
98562
98604
98705
98826
98885
99092
99127
99315
99381
99512
99572