6
17
31
67
78
89
90
91
172
224
224
232
265
268
270
328
378
440
447
449
487
497
534
534
548
561
620
630
651
655
664
699
705
708
712
762
805
810
818
855
861
864
876
891
908
923
943
957
968
978
985
986
1014
1097
1140
1145
1202
1211
1241
1257
1290
1309
1329
1420
1421
1444
1545
1548
1587
1589
1615
1617
1660
1662
1726
1765
1798
1798
1809
1827
1841
1875
1885
1907
1933
1983
1984
1999
2045
2118
2125
2161
2165
2171
2250
2258
2276
2276
2276
2330
2354
2382
2399
2416
2482
2490
2499
2501
2516
2534
2573
2581
2586
2637
2652
2717
2720
2750
2798
2821
2824
2858
2860
2873
2909
2916
2939
2947
2952
2964
2974
2999
3009
3076
3125
3139
3174
3185
3187
3188
3193
3220
3238
3244
3244
3246
3260
3291
3301
3415
3419
3444
3448
3495
3540
3545
3606
3618
3669
3686
3726
3758
3781
3789
3806
3829
3871
3918
3948
3972
3974
3978
4008
4019
4064
4131
4133
4147
4160
4162
4163
4174
4201
4209
4227
4283
4297
4313
4329
4345
4349
4370
4402
4403
4407
4416
4437
4457
4468
4581
4582
4599
4606
4644
4669
4670
4673
4693
4707
4707
4746
4747
4759
4769
4809
4823
4884
4888
4903
4910
4920
4934
4942
4955
4959
4975
5003
5005
5027
5029
5035
5072
5098
5107
5125
5126
5138
5192
5202
5203
5213
5244
5258
5269
5272
5276
5321
5355
5362
5384
5416
5436
5440
5502
5536
5560
5562
5566
5592
5609
5626
5675
5680
5748
5781
5795
5819
5822
5827
5846
5865
5899
5973
5979
5980
5980
5985
6019
6034
6043
6052
6072
6093
6107
6157
6161
6163
6176
6199
6255
6281
6297
6299
6313
6314
6317
6324
6354
6355
6387
6419
6420
6431
6459
6459
6467
6477
6565
6567
6587
6593
6598
6634
6663
6702
6716
6760
6804
6809
6870
6895
6938
6953
6969
6972
6977
6984
7008
7013
7014
7034
7044
7093
7113
7141
7162
7189
7231
7252
7277
7284
7341
7356
7362
7409
7410
7423
7476
7505
7507
7528
7528
7574
7665
7676
7685
7709
7723
7727
7758
7782
7792
7794
7799
7802
7832
7834
7836
7860
7884
7887
7895
7896
7899
7904
7908
7928
7931
7935
7964
7974
7981
8005
8015
8057
8069
8081
8085
8086
8145
8150
8161
8176
8187
8193
8253
8255
8275
8294
8346
8350
8364
8371
8390
8407
8421
8423
8437
8440
8445
8446
8447
8467
8526
8551
8554
8567
8587
8603
8614
8642
8653
8681
8696
8711
8767
8770
8786
8786
8808
8817
8824
8834
8839
8857
8889
8891
8922
8954
8964
8982
8983
8983
8994
9003
9153
9161
9180
9197
9201
9226
9229
9265
9268
9275
9285
9316
9331
9332
9339
9343
9351
9358
9392
9401
9409
9422
9436
9454
9466
9469
9488
9499
9517
9562
9566
9572
9576
9593
9594
9610
9620
9621
9645
9658
9663
9665
9690
9705
9715
9738
9753
9785
9798
9822
9853
9882
9885
9900
9905
9911
9915
10010
10017
10034
10035
10073
10082
10083
10098
10108
10111
10135
10146
10154
10161
10223
10244
10258
10269
10283
10286
10316
10335
10376
10382
10393
10401
10433
10471
10482
10545
10547
10552
10578
10582
10594
10612
10625
10643
10681
10727
10744
10751
10771
10813
10824
10829
10849
10874
10874
10876
10884
10900
10907
10922
10929
10960
10965
10971
10977
10978
10993
11002
11012
11036
11047
11071
11163
11177
11183
11223
11237
11273
11307
11380
11435
11458
11480
11497
11527
11538
11554
11563
11592
11618
11644
11671
11689
11691
11702
11708
11714
11721
11768
11809
11877
11880
11893
11912
11913
11942
11945
11971
12036
12050
12050
12130
12170
12174
12218
12239
12307
12315
12320
12322
12352
12366
12404
12408
12430
12445
12489
12531
12570
12597
12622
12625
12634
12662
12679
12718
12762
12776
12812
12813
12827
12925
12968
13020
13056
13059
13078
13082
13083
13167
13193
13196
13204
13218
13225
13227
13251
13252
13293
13307
13356
13363
13366
13383
13384
13397
13398
13405
13423
13455
13462
13474
13514
13518
13559
13568
13570
13586
13620
13627
13686
13689
13712
13751
13757
13773
13778
13840
13891
13924
13931
13958
13962
13966
13966
13978
13978
13981
14004
14056
14095
14108
14109
14121
14131
14136
14143
14157
14164
14174
14180
14203
14220
14222
14244
14294
14322
14326
14341
14406
14431
14438
14462
14469
14475
14502
14507
14508
14524
14567
14569
14579
14593
14599
14604
14627
14629
14635
14653
14655
14655
14676
14691
14722
14726
14760
14761
14762
14762
14766
14766
14776
14779
14784
14815
14818
14860
14889
14891
14903
14940
14991
15034
15034
15044
15067
15071
15115
15125
15132
15140
15155
15170
15233
15234
15241
15249
15256
15272
15295
15312
15335
15344
15402
15408
15409
15434
15456
15481
15481
15548
15559
15581
15603
15604
15612
15615
15618
15634
15711
15746
15750
15756
15768
15774
15776
15781
15791
15804
15834
15855
15878
15939
15953
15974
15981
15989
15993
16002
16032
16097
16100
16110
16112
16117
16119
16174
16176
16177
16208
16208
16325
16362
16363
16394
16408
16476
16501
16522
16536
16542
16549
16553
16555
16562
16585
16594
16658
16663
16729
16734
16757
16775
16804
16845
16850
16859
16865
16888
16937
16962
16979
17000
17007
17020
17027
17036
17055
17103
17105
17109
17120
17126
17162
17167
17187
17219
17234
17258
17280
17293
17312
17317
17320
17337
17352
17355
17380
17381
17420
17450
17467
17480
17482
17498
17523
17529
17534
17552
17599
17609
17612
17617
17667
17726
17794
17842
17899
17914
17928
17928
17951
17952
17964
18042
18076
18076
18082
18089
18090
18099
18131
18145
18151
18195
18198
18230
18259
18263
18281
18288
18306
18338
18339
18348
18358
18366
18392
18414
18462
18503
18547
18574
18615
18628
18635
18639
18640
18645
18648
18693
18737
18757
18817
18825
18831
18846
18867
18869
18905
18906
18928
18938
18942
18967
18980
19051
19059
19114
19121
19126
19147
19148
19158
19171
19171
19200
19213
19226
19243
19247
19248
19272
19276
19283
19292
19356
19391
19394
19398
19431
19441
19484
19494
19502
19503
19522
19527
19541
19587
19659
19728
19738
19744
19763
19798
19818
19832
19838
19877
19883
19887
19931
19934
19968
19987
20036
20037
20075
20118
20128
20132
20177
20223
20252
20254
20256
20276
20287
20299
20300
20316
20340
20360
20397
20458
20460
20482
20483
20517
20527
20542
20546
20564
20570
20595
20599
20632
20645
20647
20670
20678
20686
20736
20761
20827
20833
20855
20863
20893
20911
20919
20962
20975
20980
20990
21018
21080
21082
21085
21150
21163
21173
21189
21194
21208
21294
21306
21309
21328
21339
21378
21392
21485
21487
21523
21580
21593
21602
21631
21652
21655
21659
21671
21726
21731
21747
21782
21802
21814
21817
21818
21833
21892
21897
21951
21980
21993
22002
22004
22014
22042
22061
22124
22167
22225
22234
22260
22306
22320
22333
22335
22341
22343
22349
22351
22378
22391
22399
22403
22404
22407
22411
22430
22434
22468
22483
22512
22522
22550
22582
22584
22604
22623
22640
22640
22662
22665
22693
22748
22857
22916
22919
22921
22958
23010
23025
23078
23092
23172
23219
23234
23256
23269
23285
23334
23346
23361
23414
23414
23414
23450
23454
23525
23525
23529
23530
23533
23540
23541
23561
23574
23611
23621
23624
23657
23679
23683
23702
23710
23716
23736
23746
23749
23767
23772
23787
23788
23801
23804
23806
23831
23847
23861
23862
23884
23919
23940
23944
23946
23957
23973
24018
24024
24041
24045
24048
24048
24070
24144
24167
24169
24319
24379
24392
24393
24408
24420
24449
24454
24458
24481
24497
24537
24544
24570
24620
24641
24647
24654
24658
24667
24694
24706
24728
24748
24765
24775
24784
24872
24874
24897
25050
25051
25067
25088
25091
25098
25104
25105
25109
25119
25121
25125
25175
25175
25176
25199
25204
25220
25233
25245
25252
25285
25295
25297
25303
25313
25333
25351
25358
25361
25367
25375
25424
25470
25525
25574
25603
25609
25619
25626
25630
25667
25674
25688
25711
25743
25747
25747
25785
25800
25811
25830
25841
25896
25902
25926
25970
25981
26025
26043
26069
26073
26165
26174
26184
26187
26195
26198
26203
26225
26242
26243
26243
26279
26307
26307
26332
26363
26371
26372
26391
26450
26458
26461
26461
26464
26471
26475
26480
26504
26573
26614
26628
26727
26759
26805
26811
26832
26834
26859
26865
26885
26887
26902
26923
26933
26942
26987
26988
27027
27034
27036
27042
27047
27048
27135
27143
27145
27151
27152
27175
27184
27205
27210
27212
27255
27275
27301
27304
27326
27383
27404
27417
27422
27453
27457
27473
27502
27546
27570
27610
27631
27640
27653
27709
27711
27737
27774
27793
27794
27800
27807
27819
27906
27916
27924
27967
28002
28042
28047
28058
28117
28124
28124
28131
28146
28205
28236
28240
28259
28276
28287
28303
28307
28340
28353
28374
28380
28391
28430
28433
28440
28478
28500
28512
28513
28532
28537
28546
28549
28565
28607
28608
28613
28617
28700
28706
28725
28726
28751
28777
28791
28816
28821
28848
28872
28917
28926
28926
28941
28949
28985
28987
29002
29048
29060
29075
29090
29100
29109
29122
29132
29134
29177
29218
29221
29244
29265
29269
29320
29338
29340
29386
29405
29437
29442
29465
29471
29477
29480
29485
29491
29519
29541
29554
29569
29598
29613
29623
29648
29676
29678
29691
29691
29694
29723
29734
29752
29768
29775
29790
29801
29813
29852
29866
29871
29961
29967
29970
29988
30008
30013
30040
30043
30101
30119
30144
30154
30173
30186
30206
30216
30225
30225
30238
30246
30277
30290
30308
30327
30404
30416
30420
30444
30445
30454
30463
30465
30487
30491
30519
30543
30561
30592
30640
30643
30661
30672
30705
30714
30720
30729
30745
30762
30776
30778
30808
30871
30877
30911
30929
30936
30958
30960
30975
30975
30999
31033
31034
31096
31138
31161
31162
31165
31166
31175
31192
31194
31205
31213
31239
31250
31250
31274
31336
31337
31344
31347
31358
31385
31401
31406
31418
31424
31455
31500
31513
31531
31542
31562
31578
31635
31697
31705
31712
31723
31730
31737
31757
31778
31819
31826
31860
31879
31897
31921
31931
32000
32042
32048
32072
32076
32094
32106
32125
32129
32155
32163
32242
32248
32255
32266
32284
32288
32294
32296
32319
32358
32362
32362
32418
32467
32500
32510
32530
32553
32571
32603
32642
32707
32732
32768
32773
32811
32816
32817
32831
32847
32855
32863
32917
32973
33022
33095
33106
33143
33145
33160
33198
33200
33207
33219
33280
33281
33332
33342
33367
33368
33401
33404
33414
33440
33442
33461
33491
33497
33574
33597
33622
33633
33639
33652
33693
33699
33727
33729
33736
33737
33739
33828
33846
33853
33853
33860
33875
33889
33910
33913
33950
33995
34000
34028
34039
34045
34085
34119
34128
34238
34240
34254
34264
34272
34288
34296
34343
34390
34402
34455
34461
34510
34563
34569
34578
34647
34656
34668
34677
34678
34754
34778
34790
34809
34880
34913
34929
35000
35017
35040
35058
35060
35091
35098
35125
35163
35181
35233
35277
35281
35311
35316
35317
35331
35438
35441
35482
35521
35544
35571
35572
35572
35581
35583
35588
35611
35621
35640
35649
35656
35679
35689
35701
35716
35819
35832
35835
35841
35856
35871
35893
35897
35900
35950
35979
35979
35991
35993
36042
36080
36082
36103
36110
36151
36157
36177
36185
36213
36215
36217
36228
36234
36234
36250
36303
36306
36331
36365
36379
36385
36413
36472
36481
36549
36576
36581
36584
36596
36604
36609
36624
36721
36752
36752
36753
36766
36798
36824
36848
36880
36895
36903
36907
36955
36956
36958
37013
37079
37094
37108
37131
37217
37221
37225
37240
37251
37258
37266
37304
37329
37351
37372
37374
37432
37445
37472
37499
37500
37516
37517
37548
37571
37576
37581
37598
37609
37694
37694
37713
37733
37751
37754
37756
37766
37772
37786
37804
37868
37907
37924
37971
37973
37980
37983
37997
38036
38036
38125
38137
38171
38218
38245
38260
38325
38339
38343
38345
38354
38400
38461
38467
38490
38519
38552
38558
38680
38691
38699
38713
38728
38750
38778
38781
38813
38839
38842
38853
38856
38889
38903
38910
38954
38983
38986
38986
39041
39068
39073
39082
39112
39117
39117
39124
39152
39192
39219
39227
39230
39240
39259
39289
39293
39300
39307
39317
39335
39360
39366
39371
39379
39388
39414
39434
39439
39441
39454
39458
39504
39542
39565
39570
39606
39632
39637
39638
39653
39658
39667
39703
39771
39820
39834
39846
39870
39882
39886
39904
39941
39945
39983
40007
40015
40077
40078
40080
40104
40121
40151
40160
40164
40177
40267
40271
40282
40287
40324
40472
40486
40497
40544
40565
40605
40628
40634
40664
40668
40679
40692
40756
40756
40758
40779
40797
40817
40835
40841
40894
40955
40972
40976
40977
41004
41010
41041
41061
41089
41092
41097
41119
41142
41142
41172
41190
41206
41214
41220
41230
41258
41303
41345
41407
41429
41455
41486
41511
41512
41513
41516
41560
41561
41566
41585
41616
41638
41642
41650
41659
41670
41687
41723
41743
41791
41811
41813
41824
41849
41866
41921
42014
42044
42098
42116
42117
42125
42127
42140
42160
42201
42233
42264
42328
42335
42376
42413
42439
42508
42520
42529
42556
42572
42611
42633
42636
42651
42708
42720
42723
42729
42738
42739
42745
42752
42761
42763
42798
42816
42823
42869
42882
42900
42912
42926
42928
42947
42964
42986
43004
43048
43052
43077
43080
43109
43142
43184
43185
43193
43195
43209
43245
43248
43249
43279
43312
43318
43323
43329
43361
43365
43372
43392
43409
43442
43446
43453
43535
43537
43539
43546
43553
43554
43563
43588
43599
43624
43651
43691
43715
43720
43727
43734
43739
43777
43788
43799
43807
43813
43821
43830
43831
43840
43861
43897
43905
43943
43959
43969
43994
44005
44008
44010
44041
44046
44058
44080
44088
44100
44127
44173
44186
44188
44197
44209
44215
44219
44239
44243
44251
44283
44315
44339
44358
44386
44386
44397
44417
44417
44425
44448
44450
44485
44496
44520
44554
44565
44565
44581
44594
44654
44659
44660
44686
44697
44699
44706
44710
44724
44726
44729
44760
44771
44775
44809
44844
44864
44915
44937
44967
44982
45016
45037
45040
45056
45075
45081
45127
45150
45155
45167
45176
45179
45216
45300
45312
45327
45343
45347
45363
45364
45368
45379
45423
45425
45440
45449
45453
45476
45484
45485
45487
45496
45499
45524
45532
45533
45542
45567
45588
45597
45598
45622
45626
45649
45673
45695
45719
45745
45765
45783
45827
45855
45857
45873
45881
45883
45908
45919
45932
45977
45984
46006
46010
46031
46058
46061
46077
46125
46135
46153
46157
46212
46235
46240
46243
46257
46267
46275
46275
46276
46281
46294
46304
46307
46386
46393
46410
46422
46447
46453
46468
46512
46545
46559
46587
46590
46610
46644
46694
46703
46760
46780
46814
46870
46935
46945
46964
46976
46986
46989
47000
47007
47031
47046
47070
47095
47105
47107
47114
47128
47171
47195
47196
47216
47225
47242
47244
47256
47267
47268
47303
47306
47308
47335
47346
47365
47366
47374
47377
47411
47420
47424
47435
47440
47442
47510
47518
47519
47543
47614
47616
47655
47690
47715
47718
47772
47811
47851
47877
47881
47892
47897
47920
47943
47945
47947
47960
47980
48058
48114
48189
48210
48245
48247
48254
48279
48319
48351
48414
48415
48424
48496
48505
48517
48524
48531
48538
48548
48585
48591
48595
48597
48597
48609
48617
48636
48645
48646
48659
48664
48670
48742
48852
48858
48912
48957
48967
49000
49011
49016
49025
49116
49147
49179
49180
49196
49204
49209
49248
49263
49264
49286
49349
49403
49410
49432
49435
49441
49471
49474
49484
49488
49497
49554
49570
49578
49578
49624
49628
49630
49637
49641
49677
49748
49808
49835
49842
49891
49902
49904
49985
50009
50016
50044
50056
50114
50147
50157
50181
50196
50240
50257
50275
50276
50290
50301
50304
50343
50387
50418
50433
50453
50462
50462
50482
50496
50502
50504
50516
50525
50529
50549
50553
50557
50562
50602
50614
50632
50711
50723
50729
50741
50764
50767
50767
50844
50857
50860
50872
50944
50948
50965
50988
51017
51040
51056
51064
51079
51134
51135
51142
51174
51186
51199
51207
51221
51222
51250
51251
51271
51329
51363
51425
51439
51448
51449
51463
51522
51539
51553
51568
51601
51610
51627
51643
51678
51680
51681
51729
51750
51752
51764
51765
51767
51790
51800
51803
51805
51806
51831
51874
51888
51941
51957
51997
52086
52088
52133
52135
52137
52194
52204
52213
52217
52230
52267
52282
52311
52329
52357
52378
52383
52390
52401
52406
52431
52438
52454
52476
52489
52533
52539
52543
52561
52592
52600
52632
52642
52643
52649
52684
52732
52748
52789
52806
52806
52813
52863
52865
52880
52883
52896
52903
52908
52922
52939
52953
52972
53047
53090
53128
53154
53174
53205
53241
53245
53294
53342
53345
53382
53406
53419
53431
53450
53459
53481
53484
53488
53506
53517
53525
53530
53614
53618
53636
53672
53674
53723
53737
53742
53754
53767
53771
53772
53792
53803
53807
53813
53820
53829
53890
53898
53899
53932
53945
53952
53968
54045
54051
54078
54106
54108
54131
54133
54161
54172
54184
54187
54198
54208
54218
54224
54251
54280
54292
54321
54331
54336
54350
54354
54365
54375
54402
54414
54436
54457
54458
54466
54506
54526
54532
54547
54547
54549
54589
54616
54629
54629
54652
54659
54698
54722
54770
54785
54789
54808
54847
54865
54877
54881
54891
54894
54911
54920
54924
54925
54925
54933
55002
55012
55103
55109
55168
55192
55194
55264
55283
55297
55313
55356
55361
55365
55379
55397
55426
55444
55459
55465
55475
55487
55489
55490
55518
55520
55536
55578
55580
55594
55605
55610
55628
55664
55697
55699
55740
55799
55849
55864
55871
55871
55896
55936
56005
56029
56033
56041
56043
56043
56056
56106
56126
56155
56159
56168
56191
56216
56225
56225
56228
56255
56274
56275
56310
56311
56352
56359
56368
56371
56395
56398
56433
56461
56480
56480
56524
56526
56533
56551
56567
56576
56586
56603
56613
56698
56709
56709
56806
56813
56826
56835
56850
56857
56892
56927
56931
56953
56955
57042
57095
57111
57119
57189
57239
57241
57279
57290
57314
57322
57333
57344
57346
57347
57399
57399
57401
57420
57429
57474
57492
57562
57588
57608
57627
57637
57650
57695
57746
57763
57832
57832
57856
57867
57867
57870
57893
57923
57925
57970
57973
57992
58041
58068
58071
58077
58094
58099
58119
58176
58194
58203
58223
58267
58309
58333
58334
58336
58348
58388
58400
58430
58435
58436
58437
58438
58538
58581
58585
58639
58643
58706
58785
58798
58819
58821
58833
58866
58894
58929
58950
58972
59003
59018
59057
59064
59080
59097
59137
59171
59182
59211
59235
59238
59246
59295
59302
59311
59323
59349
59350
59352
59369
59397
59403
59413
59496
59499
59516
59531
59543
59575
59595
59614
59616
59634
59636
59638
59654
59684
59686
59694
59709
59733
59764
59801
59811
59813
59819
59856
59859
59859
59876
59880
59903
59944
59953
59976
59981
59991
60006
60019
60056
60068
60075
60092
60101
60118
60136
60167
60191
60251
60262
60273
60291
60296
60315
60319
60370
60371
60377
60475
60504
60530
60535
60583
60593
60593
60593
60625
60628
60647
60655
60694
60710
60735
60758
60795
60816
60822
60825
60847
60855
60872
60926
60932
60940
60950
60998
61034
61043
61062
61065
61065
61117
61148
61174
61205
61266
61297
61373
61401
61403
61435
61460
61467
61471
61530
61535
61536
61561
61564
61565
61573
61591
61618
61628
61633
61639
61668
61670
61681
61696
61709
61712
61712
61712
61724
61734
61748
61753
61814
61824
61826
61834
61857
61899
61910
61912
61927
61930
61932
61932
61945
61970
61993
62006
62030
62032
62053
62103
62105
62136
62158
62165
62174
62189
62190
62197
62207
62253
62321
62330
62345
62345
62350
62364
62386
62389
62418
62424
62438
62443
62471
62488
62554
62569
62609
62616
62618
62634
62655
62685
62700
62723
62725
62752
62788
62792
62801
62843
62885
62925
62929
62951
62986
63016
63050
63056
63075
63094
63098
63121
63128
63146
63149
63151
63177
63200
63210
63239
63257
63274
63297
63304
63321
63333
63345
63367
63371
63392
63394
63399
63441
63456
63462
63522
63583
63601
63626
63652
63660
63670
63711
63758
63775
63775
63809
63839
63870
63872
63872
63904
63933
63938
63953
63968
63989
63998
64006
64053
64081
64106
64108
64127
64135
64137
64148
64166
64194
64203
64215
64257
64314
64321
64350
64365
64381
64387
64394
64415
64429
64442
64486
64498
64518
64575
64646
64656
64676
64692
64701
64733
64747
64775
64791
64883
64888
64897
64897
64963
64995
65033
65063
65070
65072
65096
65099
65161
65188
65195
65202
65209
65215
65219
65229
65229
65262
65284
65308
65329
65330
65335
65356
65365
65393
65436
65452
65483
65484
65492
65497
65505
65519
65521
65521
65541
65542
65548
65555
65585
65589
65597
65632
65667
65677
65715
65724
65773
65776
65791
65834
65846
65881
65916
65917
65928
65934
65956
65958
65973
65977
65990
66017
66034
66035
66064
66086
66152
66152
66163
66171
66190
66217
66217
66238
66243
66277
66282
66289
66308
66338
66411
66473
66510
66568
66588
66602
66654
66688
66729
66740
66773
66807
66812
66824
66826
66828
66864
66864
66883
66898
66928
66939
66970
66971
66984
66999
67006
67010
67035
67041
67059
67079
67079
67081
67086
67088
67092
67115
67123
67134
67156
67173
67177
67179
67180
67191
67191
67196
67196
67201
67222
67222
67269
67307
67331
67332
67376
67383
67387
67417
67461
67467
67526
67527
67535
67537
67550
67585
67590
67596
67609
67626
67630
67631
67674
67722
67729
67744
67783
67804
67823
67829
67894
67902
67949
67954
68009
68018
68029
68035
68048
68086
68096
68126
68199
68286
68300
68328
68350
68370
68389
68393
68399
68406
68411
68419
68419
68422
68476
68517
68524
68539
68559
68566
68576
68621
68673
68686
68697
68706
68711
68713
68763
68764
68771
68778
68822
68847
68861
68871
68876
68886
68896
68899
68941
68944
68946
68948
68971
69019
69020
69020
69027
69057
69060
69073
69084
69097
69097
69104
69147
69205
69208
69232
69273
69286
69288
69299
69307
69318
69335
69342
69391
69402
69410
69416
69430
69442
69445
69500
69517
69560
69572
69580
69587
69642
69643
69651
69654
69691
69755
69756
69764
69768
69815
69849
69856
69875
69889
69906
69909
69923
69926
69945
69947
69968
69974
69978
69993
70012
70015
70021
70056
70059
70092
70096
70098
70187
70192
70204
70219
70284
70314
70423
70426
70439
70444
70459
70464
70494
70504
70506
70535
70556
70594
70596
70622
70663
70823
70843
70845
70859
70875
70876
70883
70907
70934
70946
70947
70953
70957
70971
70992
71029
71035
71042
71060
71060
71101
71105
71106
71133
71143
71145
71150
71165
71221
71228
71244
71257
71270
71274
71279
71280
71291
71301
71303
71307
71346
71374
71395
71430
71448
71490
71505
71596
71597
71598
71651
71651
71658
71697
71725
71731
71748
71757
71795
71821
71827
71852
71856
71887
71909
71921
71941
71950
71972
71985
71985
71995
72004
72007
72015
72064
72079
72090
72105
72110
72138
72142
72184
72187
72204
72217
72217
72223
72228
72251
72267
72282
72298
72307
72356
72406
72413
72586
72587
72600
72706
72785
72801
72805
72813
72864
72869
72870
72883
72905
72905
72915
72919
72945
72960
72976
73003
73036
73042
73058
73093
73113
73125
73175
73182
73226
73238
73317
73320
73336
73345
73376
73383
73416
73420
73436
73471
73492
73493
73503
73507
73544
73547
73548
73555
73557
73568
73628
73629
73641
73676
73687
73712
73721
73747
73754
73806
73807
73811
73840
73840
73846
73858
73863
73883
73885
73934
73952
73974
73977
73979
74010
74016
74024
74079
74082
74084
74086
74091
74095
74124
74147
74181
74182
74182
74209
74240
74248
74253
74292
74298
74319
74332
74347
74390
74398
74398
74429
74451
74505
74506
74507
74510
74528
74562
74601
74607
74628
74629
74637
74643
74663
74697
74707
74714
74726
74754
74766
74784
74804
74844
74861
74938
74978
75002
75028
75034
75072
75113
75127
75152
75187
75217
75231
75242
75273
75279
75316
75324
75340
75400
75404
75405
75452
75468
75532
75562
75611
75611
75635
75649
75693
75705
75781
75796
75802
75821
75860
75878
75882
75921
75923
75925
75963
75977
75994
76041
76045
76095
76121
76130
76186
76255
76258
76268
76282
76289
76303
76308
76322
76335
76346
76346
76356
76364
76364
76388
76400
76422
76436
76538
76547
76570
76579
76642
76670
76689
76741
76745
76767
76784
76785
76795
76823
76931
76968
76972
76995
77013
77017
77063
77092
77118
77119
77134
77143
77152
77171
77184
77194
77199
77221
77255
77282
77307
77315
77377
77378
77381
77414
77425
77476
77489
77515
77539
77604
77627
77631
77689
77728
77739
77751
77755
77756
77759
77791
77807
77814
77835
77838
77848
77895
77896
77935
77954
78004
78005
78012
78023
78045
78078
78086
78104
78112
78164
78183
78205
78246
78249
78287
78305
78351
78356
78371
78377
78412
78413
78422
78434
78445
78461
78475
78541
78576
78577
78591
78599
78610
78626
78660
78676
78706
78708
78725
78727
78740
78750
78761
78772
78811
78841
78889
78944
78946
78948
78950
78976
79009
79044
79062
79071
79086
79093
79114
79135
79177
79181
79186
79208
79210
79225
79229
79235
79241
79247
79261
79284
79345
79428
79443
79471
79499
79507
79570
79588
79611
79625
79650
79660
79681
79681
79701
79749
79751
79798
79803
79820
79840
79860
79882
79888
79893
79920
79931
79937
79948
80008
80036
80043
80055
80067
80071
80084
80093
80103
80105
80113
80118
80120
80137
80187
80202
80217
80234
80280
80295
80357
80377
80420
80459
80479
80481
80501
80502
80513
80517
80525
80533
80538
80559
80581
80584
80594
80603
80632
80672
80680
80694
80703
80714
80729
80742
80762
80778
80789
80806
80806
80863
80869
80906
80922
80936
80954
80954
80966
81026
81061
81086
81086
81125
81162
81196
81235
81237
81251
81269
81280
81340
81398
81402
81426
81436
81440
81458
81479
81535
81547
81557
81577
81591
81595
81605
81618
81631
81640
81739
81760
81766
81772
81797
81801
81818
81832
81837
81841
81887
81890
81891
81917
81960
82038
82055
82074
82076
82081
82125
82145
82148
82217
82256
82265
82268
82275
82285
82316
82320
82320
82344
82374
82379
82379
82407
82416
82423
82436
82477
82482
82492
82497
82531
82537
82567
82570
82607
82609
82648
82671
82688
82736
82753
82763
82764
82822
82864
82867
82868
82909
82951
83064
83089
83094
83106
83125
83141
83151
83169
83225
83231
83259
83300
83333
83343
83368
83373
83406
83432
83435
83451
83474
83491
83499
83515
83519
83597
83600
83620
83625
83662
83780
83790
83800
83804
83892
83910
83917
83924
83959
83965
83987
84000
84027
84035
84043
84107
84110
84118
84119
84148
84152
84154
84162
84165
84196
84213
84224
84245
84309
84332
84340
84379
84426
84440
84470
84473
84508
84549
84631
84698
84701
84702
84716
84744
84763
84764
84792
84806
84854
84856
84860
84898
84929
84930
85014
85023
85029
85061
85133
85204
85212
85224
85239
85266
85288
85292
85347
85388
85405
85451
85471
85497
85508
85612
85674
85723
85761
85805
85819
85862
85934
85947
86009
86010
86029
86034
86069
86081
86084
86109
86140
86146
86152
86188
86190
86196
86215
86218
86234
86250
86280
86293
86325
86330
86351
86387
86417
86430
86438
86457
86504
86506
86515
86533
86535
86564
86566
86571
86593
86596
86603
86625
86635
86637
86641
86649
86657
86662
86672
86681
86691
86699
86714
86718
86739
86747
86747
86749
86774
86779
86786
86814
86816
86882
86907
86935
86969
86974
86992
87015
87053
87145
87160
87184
87189
87193
87200
87225
87228
87257
87260
87285
87316
87359
87365
87368
87368
87377
87388
87394
87422
87445
87446
87478
87486
87519
87552
87559
87629
87655
87664
87707
87718
87748
87758
87763
87787
87794
87795
87809
87813
87826
87838
87856
87858
87859
87865
87896
87903
87928
87934
87946
87949
87954
87983
87984
88007
88037
88063
88066
88115
88126
88132
88191
88212
88219
88245
88272
88272
88289
88358
88411
88416
88438
88465
88627
88641
88671
88686
88689
88705
88738
88748
88761
88776
88807
88822
88839
88881
88892
88905
88909
88935
88970
88970
88971
88971
89090
89194
89235
89267
89291
89316
89326
89345
89385
89411
89416
89457
89484
89488
89498
89499
89504
89530
89584
89653
89667
89682
89695
89699
89734
89741
89791
89814
89903
89909
89913
89918
89923
89929
89941
89949
89957
89958
89964
89967
89974
89999
90000
90007
90029
90065
90069
90069
90090
90102
90112
90121
90129
90151
90160
90170
90172
90221
90239
90240
90260
90278
90316
90362
90364
90395
90422
90479
90529
90550
90550
90551
90569
90597
90644
90653
90678
90682
90687
90720
90745
90760
90762
90864
90885
90887
90895
90898
90909
90935
90939
90982
90982
90987
90990
90993
91003
91008
91019
91022
91026
91037
91045
91117
91139
91163
91175
91198
91207
91213
91216
91223
91236
91240
91248
91249
91259
91267
91279
91294
91295
91308
91322
91342
91346
91490
91517
91562
91576
91579
91598
91621
91636
91670
91679
91696
91714
91725
91736
91774
91787
91823
91837
91837
91845
91863
91865
91870
91953
91958
92015
92018
92023
92025
92043
92047
92068
92078
92084
92126
92149
92183
92191
92191
92198
92232
92254
92273
92282
92291
92291
92301
92307
92315
92328
92358
92396
92399
92412
92412
92426
92443
92446
92468
92495
92501
92511
92526
92542
92554
92617
92647
92655
92667
92686
92723
92759
92811
92837
92849
92863
92888
92902
92910
92961
92963
92983
93000
93007
93031
93033
93079
93084
93181
93227
93232
93233
93265
93294
93328
93350
93406
93471
93486
93489
93504
93512
93528
93537
93539
93582
93589
93633
93679
93730
93735
93766
93769
93832
93844
93867
93875
93892
93897
93905
93908
93914
93993
94010
94028
94029
94032
94040
94057
94059
94080
94102
94155
94158
94167
94167
94173
94177
94184
94192
94193
94202
94213
94237
94254
94286
94288
94291
94314
94342
94344
94375
94446
94451
94456
94473
94522
94542
94547
94607
94626
94636
94737
94757
94773
94802
94821
94846
94853
94883
94884
94894
94946
95047
95098
95103
95104
95109
95110
95128
95164
95220
95263
95265
95288
95292
95376
95405
95406
95422
95427
95447
95454
95488
95512
95535
95557
95558
95570
95613
95636
95640
95644
95719
95734
95737
95738
95750
95773
95773
95819
95826
95829
95843
95862
95916
95921
95963
96012
96032
96061
96064
96093
96132
96135
96143
96192
96213
96233
96233
96256
96286
96291
96301
96352
96354
96357
96374
96384
96387
96405
96421
96422
96427
96451
96488
96552
96579
96581
96590
96595
96626
96631
96675
96678
96694
96734
96781
96788
96790
96828
96828
96874
96876
96912
96930
96949
96975
97044
97045
97052
97109
97188
97199
97250
97258
97260
97267
97299
97312
97313
97331
97354
97356
97369
97409
97416
97427
97450
97458
97480
97484
97631
97679
97689
97701
97739
97771
97795
97805
97806
97829
97834
97848
97878
97918
97934
97952
97960
97970
97973
98021
98021
98055
98063
98109
98109
98122
98135
98159
98162
98184
98195
98201
98225
98230
98247
98278
98285
98291
98309
98332
98339
98345
98399
98463
98505
98514
98545
98601
98612
98619
98642
98666
98666
98678
98689
98721
98726
98752
98763
98838
98854
98893
98903
98919
98929
98940
98949
98953
98964
98967
98991
99003
99003
99020
99056
99084
99089
99094
99095
99095
99114
99125
99136
99151
99155
99163
99170
99190
99205
99207
99223
99251
99256
99355
99376
99377
99407
99458
99473
99533
99540
99558
99583
99598
99635
99670
99712
99740
99754
99769
99775
99824
99834
99840
99844
99883
99886
99898
99899
99901
99902
99902
99923
99942
99945
99990