99572
99512
99381
99315
99127
99092
98885
98826
98705
98604
98562
98516
98453
98350
98305
98261
98047
97998
97793
97671
97419
97258
97253
97122
96977
96925
96843
96784
96735
96679
96358
96347
96327
96218
96208
95987
95864
95823
95722
95656
95615
95613
95403
95283
95029
95029
95017
94979
94956
94872
94584
94571
94490
94269
94260
94158
94129
94010
93883
93786
93759
93388
93381
93313
92852
92773
92757
92476
92414
92330
92204
92134
92100
91978
91946
91789
91709
91627
91624
91611
91511
91371
91331
91133
91067
90966
90965
90874
90807
90732
90693
90654
90476
90329
90298
90289
90116
89986
89879
89766
89764
89646
89432
89166
88913
88706
88665
88534
88180
87965
87826
87763
87562
87502
87455
87448
87337
87278
87243
86615
86584
86245
86195
86184
86105
85926
85750
85724
85623
85142
85112
85014
84912
84855
84781
84753
84168
84064
83905
83801
83722
83661
83527
83463
83203
83080
83074
82788
82456
82334
82295
82282
82264
82096
82077
82005
81965
81936
81891
81872
81806
81787
81725
81717
81703
81551
81511
81237
81192
81024
81021
80765
80700
80680
80678
80668
80538
80409
80400
80265
80053
79879
79769
79664
79624
79618
79553
79438
79419
79371
79312
79278
79262
79217
79204
79173
78865
78829
78768
78746
78688
78659
78517
78265
78247
78162
78123
78106
78083
77923
77835
77796
77793
77785
77763
77584
77550
77543
77520
77436
77391
77346
77249
77188
77171
76885
76851
76849
76682
76556
76433
76402
76393
76122
76034
76021
75677
75570
75531
75449
75260
75240
75127
75094
75026
74949
74764
74638
74428
73967
73957
73747
73648
73310
73250
73116
73100
72809
72804
72517
72397
72343
71949
71853
71704
71654
71510
71367
71315
71306
71294
71249
71244
71014
70897
70876
70641
70365
70299
70124
70105
70086
70004
69805
69795
69581
69049
68999
68942
68723
68548
68498
68460
68456
68386
68300
68208
68094
68083
68044
68038
67694
67646
67411
67404
67327
67298
67162
66905
66878
66860
66846
66748
66734
66644
66519
66512
66464
66458
66450
66148
65985
65897
65883
65854
65763
65694
65574
65521
65512
65346
64900
64895
64420
64331
64149
64102
64033
63615
63593
63300
63078
63047
62967
62760
62738
62737
62684
62683
62678
62635
62622
62553
62524
62503
62488
62407
62398
62342
62292
62177
62014
61869
61837
61719
61626
61580
61484
61379
61368
61360
61184
61096
60755
60737
60683
60602
60593
60412
60331
60208
60000
59853
59819
59578
59393
59331
59291
59235
59205
59139
58997
58875
58652
58633
58281
58269
58235
58102
57802
57526
57477
57116
57093
56993
56978
56936
56935
56844
56682
56535
56365
56249
56024
55964
55565
55374
55338
55316
55308
55174
55038
54832
54727
54684
54556
54526
54359
54189
54071
54057
54050
53910
53848
53795
53726
53685
53610
53599
53247
53200
53068
52966
52831
52808
52740
52637
52482
52454
52407
52361
52074
51829
51805
51782
51685
51435
51416
51410
51281
51263
51224
51186
51176
51119
51045
50882
50878
50727
50618
50519
50414
50341
50282
50076
50029
50006
49989
49986
49868
49835
49745
49564
49478
49466
49434
49146
49128
49058
49044
49043
49032
48999
48988
48890
48791
48732
48667
48594
48532
48529
48189
48180
47997
47956
47863
47801
47711
47628
47504
47157
47045
46698
46653
46649
46608
46586
46494
46397
46320
46152
46140
46101
46011
45875
45869
45786
45762
45642
45617
45544
45272
45171
45095
44958
44941
44730
44638
44444
44430
44302
44077
44063
44045
43951
43830
43706
43689
43645
43630
43369
42754
42560
42405
42400
42287
42221
42175
42160
41930
41908
41875
41820
41723
41605
41307
41229
41165
41084
40995
40976
40972
40934
40917
40648
40605
40515
40287
40216
39957
39938
39824
39616
39530
39446
39382
39357
38910
38865
38746
38674
38520
38399
38366
38334
38278
38255
38141
38098
38093
38088
37884
37692
37565
37514
37409
37351
37302
37221
37220
36876
36754
36694
36609
36579
36509
36309
36274
36208
36198
36184
36141
36025
35839
35724
35565
35495
34776
34683
34557
34455
34174
34174
34156
33992
33972
33819
33722
33670
33657
33616
33543
33358
33348
33346
33311
33269
33193
32998
32873
32866
32627
32609
32471
32416
32120
32094
32066
32030
31992
31961
31960
31881
31878
31606
31526
31419
31157
31115
30883
30752
30709
30539
30465
30401
30349
30300
30037
29991
29938
29821
29764
29587
29457
29457
29367
29120
29084
28801
28773
28758
28464
28290
28200
28138
28076
28020
28013
27874
27783
27753
27722
27618
27457
27446
27310
27258
27187
27091
27079
27010
26873
26837
26805
26753
26720
26622
26393
26277
26161
26154
26043
25985
25984
25971
25757
25615
25541
25468
25444
25410
25312
25167
25079
24904
24762
24682
24623
24581
24385
24357
24240
24193
23991
23991
23964
23841
23792
23739
23703
23691
23600
23440
23419
23227
23214
23065
23019
23016
22847
22818
22706
22602
22427
22320
22271
22233
22231
22168
22155
22105
22025
21936
21931
21880
21738
21551
21544
21529
21219
21187
21119
20986
20932
20886
20804
20692
20663
20361
20306
20219
20217
20172
19948
19892
19827
19825
19615
19599
19567
19523
19434
19397
19233
19117
18857
18713
18625
18602
18351
18317
18246
18160
18115
18041
17791
17780
17644
17513
17405
17343
17223
17040
16934
16829
16389
16310
16276
16242
16238
16197
16163
16042
15950
15845
15789
15780
15479
15443
15422
15316
15173
14993
14857
14838
14766
14620
14537
14334
14268
14264
13758
13654
13566
13553
13540
13461
13444
13347
13255
13027
12955
12663
12611
12584
12323
12281
12280
12230
12147
12117
12090
12079
11995
11922
11907
11536
11531
11206
11014
10894
10753
10683
10679
10449
10304
10246
10208
10004
9919
9918
9845
9756
9733
9575
9562
9513
9440
9425
9378
9248
9086
9039
8939
8859
8842
8637
8578
8546
8463
8365
8181
8162
8125
7999
7885
7823
7769
7743
7547
7524
7453
7314
7204
7103
7079
7073
7043
7030
6790
6757
6699
6607
6456
6425
6415
6296
6150
6122
6116
6075
5911
5877
5861
5852
5558
5449
5403
5287
5076
5004
4956
4821
4799
4539
4388
4238
4037
4021
4012
3906
3840
3732
3549
3482
3286
3285
3272
2974
2904
2741
2651
2530
2484
2432
2411
2322
2258
2203
2165
2094
1777
1672
1623
1521
1474
1413
1278
1275
1135
1134
883
876
843
700
630
478
313
180
110