100000
99999
99993
99955
99952
99923
99907
99904
99902
99895
99883
99877
99869
99864
99860
99852
99832
99822
99815
99802
99790
99787
99782
99776
99762
99751
99749
99736
99734
99717
99713
99701
99695
99693
99684
99662
99648
99646
99644
99627
99599
99597
99595
99572
99562
99542
99485
99484
99481
99469
99461
99461
99412
99406
99401
99388
99374
99365
99363
99355
99345
99342
99337
99332
99328
99318
99306
99296
99289
99273
99272
99270
99267
99246
99245
99233
99232
99220
99214
99213
99192
99176
99158
99156
99144
99133
99133
99106
99086
99080
99068
99049
99048
99048
99001
98990
98930
98920
98910
98884
98876
98867
98861
98859
98832
98829
98827
98822
98810
98797
98796
98786
98781
98767
98764
98763
98750
98737
98712
98710
98700
98685
98675
98666
98660
98640
98637
98625
98621
98619
98611
98609
98597
98587
98580
98580
98579
98556
98535
98514
98502
98497
98495
98490
98487
98464
98447
98443
98403
98401
98395
98394
98379
98373
98364
98354
98339
98336
98333
98304
98298
98282
98281
98274
98271
98248
98215
98213
98210
98181
98177
98176
98171
98170
98154
98137
98118
98112
98098
98092
98074
98066
98063
98061
98047
98040
98032
98019
98011
98008
98006
98000
97992
97987
97973
97963
97952
97951
97947
97929
97914
97907
97902
97898
97880
97877
97856
97853
97853
97850
97839
97839
97839
97836
97831
97830
97830
97828
97815
97809
97806
97793
97787
97779
97775
97773
97768
97764
97763
97739
97733
97715
97712
97711
97710
97700
97693
97691
97674
97662
97647
97635
97631
97628
97627
97627
97622
97617
97617
97610
97594
97588
97588
97566
97564
97562
97554
97553
97543
97517
97513
97508
97501
97480
97476
97448
97441
97435
97415
97406
97399
97396
97349
97320
97319
97305
97268
97257
97254
97254
97232
97226
97210
97189
97185
97180
97178
97176
97167
97145
97120
97114
97110
97095
97094
97065
97030
97029
97023
97017
96991
96976
96975
96949
96946
96931
96927
96923
96874
96871
96867
96865
96846
96844
96840
96835
96829
96808
96785
96780
96770
96767
96743
96735
96729
96706
96703
96683
96678
96677
96675
96640
96639
96638
96634
96631
96623
96572
96560
96556
96543
96517
96497
96493
96489
96480
96425
96411
96401
96394
96374
96371
96365
96361
96335
96323
96315
96298
96297
96293
96284
96276
96275
96269
96266
96266
96260
96250
96241
96241
96239
96237
96235
96231
96224
96216
96191
96188
96187
96185
96179
96172
96171
96149
96145
96137
96134
96133
96130
96126
96126
96118
96111
96111
96046
96035
96026
96026
96021
96013
95988
95975
95968
95967
95953
95946
95934
95929
95923
95919
95909
95899
95873
95851
95849
95844
95840
95824
95820
95805
95803
95797
95796
95789
95773
95771
95758
95744
95741
95727
95698
95690
95676
95675
95663
95635
95628
95627
95627
95620
95614
95606
95606
95604
95603
95593
95590
95576
95575
95568
95557
95550
95538
95526
95519
95507
95495
95486
95485
95461
95435
95414
95396
95395
95389
95379
95378
95374
95373
95370
95342
95342
95332
95314
95273
95272
95260
95257
95228
95225
95217
95216
95213
95200
95188
95170
95167
95164
95156
95147
95145
95143
95139
95135
95123
95118
95118
95114
95105
95068
95062
95029
95027
94995
94932
94928
94925
94925
94914
94910
94909
94902
94902
94899
94880
94859
94831
94820
94819
94809
94797
94775
94767
94765
94748
94724
94713
94710
94708
94682
94681
94674
94673
94666
94660
94656
94650
94645
94627
94622
94620
94619
94611
94602
94600
94586
94584
94578
94575
94571
94551
94539
94530
94528
94528
94521
94489
94480
94467
94462
94457
94449
94436
94434
94430
94425
94410
94408
94401
94400
94400
94398
94389
94385
94382
94382
94364
94363
94341
94341
94338
94329
94327
94319
94318
94310
94304
94287
94276
94267
94266
94259
94256
94255
94254
94247
94242
94237
94218
94209
94209
94196
94187
94169
94160
94157
94157
94154
94132
94130
94102
94081
94072
94071
94071
94068
94059
94033
94018
94016
94013
93999
93951
93943
93943
93943
93939
93939
93934
93933
93907
93903
93896
93892
93864
93844
93822
93819
93812
93812
93775
93732
93720
93695
93694
93694
93681
93678
93652
93635
93630
93614
93611
93609
93605
93596
93580
93574
93564
93563
93548
93536
93532
93529
93519
93498
93497
93477
93472
93468
93465
93452
93448
93434
93416
93351
93350
93337
93315
93309
93304
93295
93289
93278
93251
93249
93240
93231
93227
93224
93222
93222
93219
93219
93217
93215
93212
93196
93191
93189
93186
93178
93156
93149
93124
93094
93091
93090
93084
93079
93064
93058
93039
93011
92987
92978
92965
92946
92929
92929
92921
92909
92901
92896
92890
92885
92874
92861
92859
92855
92850
92843
92842
92835
92829
92814
92791
92787
92781
92769
92768
92755
92731
92725
92712
92711
92700
92691
92685
92685
92675
92674
92650
92637
92631
92606
92601
92595
92592
92585
92583
92574
92573
92562
92550
92536
92520
92488
92477
92472
92464
92462
92459
92453
92436
92426
92410
92375
92375
92369
92368
92368
92358
92351
92320
92319
92317
92307
92297
92293
92286
92259
92254
92245
92244
92244
92240
92220
92206
92199
92193
92188
92174
92152
92142
92131
92119
92118
92085
92081
92077
92075
92054
92050
92045
92043
92030
92030
92028
92011
92010
91997
91995
91992
91989
91980
91963
91950
91935
91917
91908
91868
91841
91824
91785
91775
91769
91752
91740
91738
91730
91730
91729
91696
91680
91658
91646
91645
91642
91630
91615
91613
91575
91564
91563
91563
91560
91552
91545
91530
91528
91503
91481
91480
91474
91459
91448
91422
91408
91384
91384
91374
91358
91351
91350
91348
91332
91316
91315
91312
91311
91294
91292
91284
91283
91274
91263
91260
91259
91258
91249
91244
91228
91214
91205
91175
91160
91159
91156
91139
91135
91130
91129
91125
91117
91115
91108
91081
91081
91078
91077
91076
91063
91062
91060
91050
91029
91028
91026
91019
91006
90999
90985
90979
90976
90976
90963
90962
90959
90952
90950
90949
90947
90945
90943
90941
90938
90902
90896
90889
90884
90864
90864
90858
90843
90836
90806
90768
90763
90741
90732
90703
90687
90686
90683
90682
90679
90664
90648
90647
90639
90638
90631
90628
90626
90622
90605
90603
90599
90589
90588
90554
90523
90522
90517
90502
90492
90465
90460
90457
90454
90448
90447
90430
90395
90388
90371
90364
90359
90339
90338
90338
90333
90327
90326
90322
90304
90286
90281
90279
90267
90254
90243
90223
90221
90218
90202
90190
90181
90180
90171
90160
90151
90137
90133
90117
90107
90083
90069
90066
90056
90042
90032
90021
90014
90014
90014
89998
89970
89965
89960
89944
89935
89916
89909
89902
89902
89892
89887
89881
89872
89862
89861
89839
89808
89783
89770
89745
89726
89721
89703
89676
89664
89663
89662
89658
89657
89649
89621
89618
89608
89596
89588
89587
89576
89570
89568
89559
89554
89551
89551
89539
89533
89533
89517
89513
89511
89510
89509
89507
89496
89488
89486
89486
89480
89470
89469
89468
89464
89428
89403
89394
89387
89365
89364
89361
89356
89348
89320
89313
89309
89303
89290
89257
89253
89231
89229
89227
89216
89206
89203
89200
89197
89196
89192
89190
89181
89180
89166
89162
89161
89157
89157
89147
89145
89135
89123
89121
89120
89115
89108
89106
89099
89096
89094
89083
89083
89083
89078
89071
89068
89063
89054
89023
89017
89013
89006
88995
88987
88975
88971
88960
88958
88937
88927
88914
88895
88885
88882
88870
88858
88851
88850
88847
88836
88829
88826
88821
88818
88798
88795
88788
88772
88763
88761
88761
88755
88754
88753
88737
88728
88694
88675
88672
88664
88664
88663
88661
88659
88657
88656
88656
88655
88650
88637
88635
88632
88625
88617
88613
88607
88597
88589
88550
88546
88543
88535
88534
88517
88514
88512
88504
88501
88479
88472
88468
88467
88464
88463
88459
88456
88455
88449
88437
88429
88427
88422
88419
88394
88384
88347
88346
88333
88333
88332
88296
88287
88284
88281
88274
88257
88230
88207
88201
88198
88161
88143
88141
88138
88133
88124
88123
88103
88090
88075
88045
88028
88025
87999
87994
87969
87964
87955
87913
87908
87871
87857
87833
87827
87785
87785
87772
87761
87741
87731
87711
87701
87692
87683
87666
87665
87654
87651
87638
87636
87636
87631
87598
87590
87589
87576
87561
87558
87553
87553
87535
87507
87504
87502
87502
87497
87487
87486
87485
87473
87440
87425
87423
87408
87407
87407
87398
87388
87330
87314
87307
87293
87272
87259
87253
87252
87233
87231
87174
87142
87140
87123
87100
87086
87049
87044
87020
87019
87012
87000
86996
86981
86960
86939
86938
86934
86924
86921
86920
86918
86902
86891
86872
86870
86867
86864
86851
86851
86845
86829
86827
86814
86809
86805
86802
86786
86783
86782
86779
86758
86756
86742
86699
86697
86685
86684
86679
86665
86656
86637
86627
86585
86570
86560
86542
86539
86533
86532
86526
86509
86499
86488
86479
86478
86455
86443
86441
86421
86383
86379
86378
86370
86367
86346
86341
86340
86307
86303
86280
86277
86261
86231
86228
86219
86207
86203
86203
86187
86176
86170
86161
86152
86150
86148
86143
86131
86110
86105
86100
86093
86078
86078
86072
86061
86053
86053
86048
86047
86046
86033
86022
86020
86012
86008
85990
85969
85953
85919
85917
85898
85894
85891
85875
85869
85851
85841
85838
85815
85810
85808
85795
85785
85763
85722
85721
85710
85692
85679
85679
85653
85642
85640
85635
85633
85630
85627
85602
85599
85590
85584
85581
85577
85572
85562
85540
85521
85513
85494
85483
85477
85471
85470
85456
85455
85435
85429
85415
85409
85386
85383
85381
85350
85329
85307
85294
85293
85293
85291
85275
85273
85267
85266
85254
85253
85253
85248
85224
85218
85212
85206
85201
85199
85187
85177
85175
85172
85170
85166
85165
85164
85163
85148
85134
85124
85106
85105
85075
85066
85052
85043
85030
85019
85010
84997
84990
84987
84986
84962
84953
84949
84945
84928
84919
84910
84908
84902
84891
84875
84873
84872
84866
84837
84826
84820
84818
84813
84801
84790
84786
84774
84771
84766
84758
84740
84736
84734
84724
84711
84710
84708
84681
84680
84672
84658
84656
84650
84645
84629
84610
84573
84551
84525
84525
84510
84505
84495
84479
84479
84477
84465
84451
84437
84428
84414
84395
84388
84360
84340
84332
84330
84330
84320
84311
84304
84280
84249
84247
84246
84228
84226
84224
84192
84190
84180
84178
84170
84159
84156
84153
84147
84142
84141
84128
84113
84108
84105
84095
84065
84064
84063
84032
84030
84019
84008
84008
84001
83998
83996
83964
83949
83941
83930
83920
83894
83890
83873
83861
83846
83845
83842
83838
83838
83834
83827
83808
83807
83798
83784
83772
83765
83759
83758
83757
83756
83747
83739
83730
83723
83712
83697
83679
83652
83645
83633
83627
83626
83620
83619
83605
83597
83597
83592
83591
83580
83567
83558
83551
83540
83516
83516
83514
83498
83488
83483
83471
83439
83438
83435
83428
83397
83386
83379
83355
83354
83327
83309
83302
83289
83278
83269
83263
83260
83252
83251
83245
83232
83225
83221
83208
83180
83178
83175
83158
83143
83090
83089
83065
83037
83034
83029
83029
83015
83013
83004
82982
82976
82965
82954
82947
82946
82941
82934
82920
82915
82915
82910
82882
82881
82865
82859
82858
82841
82838
82833
82830
82821
82809
82807
82792
82752
82730
82713
82699
82663
82653
82643
82627
82618
82601
82579
82564
82558
82552
82520
82502
82500
82491
82486
82475
82468
82467
82466
82465
82453
82433
82430
82425
82401
82393
82390
82388
82382
82356
82332
82314
82300
82286
82285
82278
82270
82269
82239
82229
82226
82211
82206
82205
82194
82189
82177
82175
82174
82172
82169
82164
82155
82154
82150
82149
82136
82131
82129
82123
82107
82085
82085
82080
82065
82047
82046
82036
82017
81997
81996
81995
81964
81962
81959
81941
81931
81924
81920
81916
81914
81912
81907
81897
81888
81873
81872
81869
81867
81867
81866
81861
81843
81840
81834
81819
81808
81768
81761
81740
81740
81733
81733
81709
81690
81685
81682
81680
81663
81654
81646
81632
81622
81619
81617
81615
81603
81591
81589
81570
81569
81562
81554
81525
81519
81506
81503
81488
81457
81440
81429
81428
81397
81393
81392
81383
81379
81338
81333
81306
81303
81281
81279
81269
81264
81234
81221
81203
81203
81191
81187
81130
81121
81121
81112
81111
81107
81086
81080
81076
81064
81055
81031
81011
81011
80983
80979
80969
80963
80932
80918
80917
80914
80910
80893
80891
80884
80880
80868
80813
80806
80791
80776
80770
80750
80727
80718
80700
80671
80661
80655
80652
80634
80620
80614
80606
80603
80581
80563
80560
80558
80553
80534
80524
80522
80513
80504
80503
80495
80484
80481
80474
80465
80454
80444
80441
80437
80435
80408
80407
80400
80388
80381
80368
80357
80356
80341
80294
80292
80290
80286
80266
80262
80248
80233
80232
80232
80226
80207
80203
80156
80155
80154
80138
80134
80125
80118
80113
80070
80066
80047
80045
80018
80015
80012
80009
80000
79989
79978
79975
79975
79975
79970
79967
79964
79944
79934
79919
79904
79897
79895
79891
79870
79862
79856
79818
79815
79804
79799
79784
79782
79770
79767
79764
79749
79740
79735
79726
79725
79709
79696
79656
79650
79648
79647
79642
79630
79625
79613
79599
79599
79595
79589
79589
79571
79557
79540
79539
79539
79538
79531
79517
79516
79512
79493
79467
79467
79448
79438
79422
79413
79405
79399
79385
79383
79378
79377
79372
79370
79369
79364
79352
79312
79309
79309
79307
79299
79288
79259
79257
79249
79243
79229
79225
79205
79190
79187
79187
79138
79134
79126
79109
79106
79101
79095
79080
79047
79039
79017
79016
79010
79008
78992
78956
78948
78926
78923
78920
78915
78878
78878
78867
78864
78858
78811
78810
78803
78797
78794
78787
78770
78751
78750
78738
78736
78735
78721
78720
78720
78685
78668
78661
78653
78644
78641
78641
78638
78610
78605
78586
78573
78572
78568
78559
78557
78553
78537
78524
78520
78510
78509
78497
78496
78486
78474
78463
78462
78442
78426
78375
78373
78371
78337
78318
78307
78290
78281
78261
78259
78259
78240
78222
78214
78183
78167
78166
78156
78155
78139
78138
78133
78128
78122
78114
78078
78066
78058
78040
78029
77985
77956
77922
77918
77917
77902
77899
77895
77890
77835
77819
77802
77795
77771
77763
77758
77758
77751
77733
77728
77713
77700
77699
77698
77697
77690
77676
77675
77674
77674
77665
77643
77624
77605
77600
77591
77584
77558
77542
77529
77517
77516
77515
77501
77495
77482
77443
77441
77441
77441
77439
77439
77438
77432
77432
77430
77424
77416
77408
77406
77385
77354
77341
77338
77333
77329
77296
77296
77295
77282
77270
77254
77247
77245
77238
77233
77210
77187
77181
77171
77166
77164
77160
77153
77124
77102
77099
77098
77062
77053
77053
77048
77046
77039
77031
77028
77005
77000
76992
76987
76984
76980
76978
76968
76957
76945
76905
76898
76898
76882
76880
76871
76868
76860
76845
76810
76792
76788
76752
76751
76743
76729
76724
76720
76700
76696
76663
76659
76655
76655
76649
76616
76612
76602
76596
76594
76592
76586
76541
76512
76498
76488
76486
76461
76456
76441
76428
76384
76378
76366
76355
76354
76337
76334
76332
76325
76323
76317
76284
76284
76282
76268
76247
76236
76230
76222
76214
76205
76204
76197
76182
76156
76144
76136
76125
76123
76121
76118
76112
76111
76103
76087
76081
76053
76033
76023
76021
76003
75983
75980
75978
75977
75969
75966
75961
75947
75922
75915
75898
75881
75874
75872
75861
75860
75855
75848
75848
75847
75841
75839
75839
75831
75830
75824
75819
75802
75794
75786
75726
75711
75710
75705
75693
75689
75677
75666
75655
75653
75652
75646
75637
75631
75626
75620
75614
75612
75604
75588
75585
75584
75583
75564
75543
75538
75532
75525
75518
75514
75511
75509
75503
75502
75456
75454
75448
75448
75443
75432
75429
75414
75384
75361
75357
75349
75343
75332
75320
75313
75311
75299
75298
75278
75277
75261
75253
75252
75226
75224
75224
75213
75197
75170
75160
75150
75141
75118
75105
75105
75078
75064
75061
75058
75053
75031
75022
75021
75019
75018
75006
75002
74995
74989
74964
74964
74958
74954
74947
74933
74928
74914
74912
74904
74886
74885
74879
74878
74854
74841
74839
74838
74829
74805
74799
74793
74777
74763
74753
74748
74741
74741
74720
74719
74710
74705
74676
74641
74628
74604
74603
74599
74596
74570
74568
74567
74566
74562
74560
74556
74552
74536
74524
74511
74510
74503
74494
74478
74456
74446
74425
74424
74417
74414
74410
74397
74389
74385
74382
74376
74367
74358
74355
74349
74346
74336
74320
74303
74297
74261
74260
74252
74235
74183
74181
74178
74171
74168
74157
74131
74117
74116
74105
74101
74098
74069
74064
74064
74064
74055
74043
74035
73997
73996
73985
73974
73972
73963
73948
73946
73933
73918
73914
73910
73900
73892
73880
73878
73871
73871
73863
73860
73837
73832
73830
73826
73816
73816
73815
73804
73792
73789
73788
73783
73771
73744
73739
73735
73730
73729
73727
73711
73697
73690
73675
73658
73634
73618
73605
73601
73596
73587
73576
73569
73564
73518
73516
73502
73499
73499
73481
73478
73475
73458
73447
73439
73425
73419
73419
73418
73403
73395
73391
73388
73385
73379
73359
73354
73341
73329
73321
73319
73314
73306
73297
73267
73250
73245
73217
73210
73204
73204
73203
73192
73186
73179
73177
73170
73142
73124
73109
73098
73079
73074
73073
73056
73045
73007
72988
72965
72958
72942
72942
72939
72924
72918
72903
72883
72881
72871
72861
72856
72849
72828
72815
72797
72790
72789
72776
72768
72759
72742
72699
72690
72663
72656
72654
72649
72646
72645
72637
72633
72630
72625
72609
72583
72571
72559
72550
72542
72533
72524
72521
72500
72486
72480
72479
72445
72440
72410
72401
72401
72367
72365
72347
72346
72330
72322
72320
72287
72283
72281
72280
72269
72268
72249
72222
72221
72207
72206
72198
72192
72190
72175
72167
72164
72161
72141
72139
72138
72133
72121
72119
72110
72069
72068
72059
72051
72050
72047
72044
72042
72006
71986
71984
71981
71979
71978
71977
71977
71968
71962
71926
71924
71923
71921
71914
71893
71890
71876
71873
71865
71865
71853
71835
71830
71829
71824
71820
71818
71798
71784
71781
71771
71764
71761
71761
71740
71738
71719
71707
71701
71701
71697
71658
71656
71612
71602
71588
71575
71556
71546
71534
71487
71469
71465
71459
71457
71454
71445
71445
71434
71429
71396
71378
71377
71362
71357
71333
71332
71327
71325
71312
71310
71296
71284
71282
71273
71269
71248
71248
71246
71220
71219
71217
71213
71195
71182
71181
71180
71179
71171
71159
71150
71145
71128
71112
71099
71091
71089
71069
71062
71044
71036
71028
71026
71010
71009
71007
71000
70993
70989
70986
70958
70956
70956
70926
70926
70912
70888
70874
70871
70865
70863
70855
70849
70847
70830
70828
70823
70820
70816
70812
70807
70803
70800
70787
70786
70768
70767
70752
70699
70697
70693
70682
70681
70665
70651
70648
70622
70610
70569
70543
70497
70488
70482
70480
70478
70463
70448
70448
70437
70412
70410
70403
70400
70387
70374
70367
70358
70337
70323
70300
70295
70294
70250
70229
70219
70215
70209
70208
70174
70147
70129
70092
70090
70081
70078
70078
70072
70057
70042
70037
69988
69969
69967
69954
69953
69951
69917
69915
69909
69885
69878
69874
69873
69870
69843
69830
69825
69818
69818
69817
69816
69813
69799
69768
69766
69753
69740
69739
69730
69730
69710
69707
69705
69704
69693
69691
69690
69665
69662
69659
69657
69654
69644
69643
69627
69625
69597
69596
69594
69577
69577
69566
69554
69534
69532
69523
69523
69521
69519
69492
69473
69471
69470
69455
69452
69450
69414
69405
69398
69391
69389
69388
69386
69381
69376
69372
69361
69346
69331
69329
69324
69319
69309
69303
69297
69296
69293
69290
69281
69270
69262
69260
69245
69230
69226
69178
69123
69111
69084
69072
69072
69064
69063
69063
69054
69049
69047
69039
69023
68998
68997
68990
68984
68966
68942
68932
68898
68894
68884
68876
68861
68841
68813
68767
68765
68757
68732
68689
68687
68686
68666
68661
68659
68645
68603
68591
68579
68578
68575
68567
68565
68549
68546
68508
68499
68495
68492
68491
68463
68454
68452
68448
68430
68421
68398
68388
68383
68380
68375
68373
68352
68338
68336
68332
68325
68324
68309
68293
68287
68285
68283
68256
68225
68207
68205
68183
68180
68180
68177
68174
68172
68166
68141
68139
68133
68116
68110
68089
68088
68087
68086
68080
68074
68065
68057
68053
68049
68044
68023
67986
67982
67978
67955
67952
67931
67926
67920
67917
67917
67915
67902
67902
67888
67887
67880
67849
67841
67824
67818
67814
67807
67806
67804
67757
67730
67724
67694
67662
67650
67643
67642
67636
67621
67604
67604
67604
67591
67591
67588
67587
67584
67566
67551
67542
67511
67498
67477
67452
67451
67439
67426
67406
67404
67395
67384
67375
67368
67355
67355
67348
67346
67313
67299
67290
67286
67284
67264
67263
67262
67258
67236
67234
67219
67207
67191
67187
67186
67183
67156
67152
67148
67129
67126
67126
67116
67115
67110
67106
67105
67091
67081
67079
67076
67067
67065
67061
67057
67052
67031
67028
67021
67019
66997
66994
66991
66969
66968
66950
66945
66943
66940
66939
66926
66900
66896
66892
66889
66869
66860
66858
66821
66790
66780
66771
66759
66754
66706
66696
66683
66674
66673
66672
66660
66644
66643
66601
66594
66584
66579
66555
66519
66509
66504
66493
66485
66461
66442
66437
66422
66415
66401
66381
66364
66360
66350
66340
66328
66317
66291
66286
66284
66279
66275
66266
66259
66243
66223
66215
66202
66201
66200
66185
66174
66165
66155
66133
66127
66117
66115
66084
66084
66080
66075
66061
66053
66049
66045
66008
66001
65999
65993
65979
65960
65956
65945
65938
65937
65933
65929
65925
65909
65882
65839
65838
65810
65805
65791
65785
65778
65777
65776
65756
65715
65713
65706
65703
65698
65686
65667
65649
65644
65640
65640
65628
65624
65611
65611
65606
65598
65596
65561
65557
65554
65552
65549
65515
65513
65508
65506
65503
65494
65492
65466
65452
65447
65444
65434
65421
65398
65388
65376
65372
65356
65324
65321
65297
65252
65251
65239
65238
65235
65227
65214
65210
65208
65195
65191
65187
65176
65173
65171
65151
65114
65107
65089
65084
65067
65058
65055
65035
65026
65018
65013
65013
65011
65010
65005
64986
64981
64953
64950
64941
64939
64922
64911
64903
64900
64886
64865
64846
64828
64823
64794
64793
64765
64763
64758
64756
64742
64705
64699
64679
64668
64663
64656
64653
64640
64636
64635
64628
64625
64624
64620
64619
64603
64596
64590
64589
64563
64563
64504
64485
64481
64468
64466
64460
64448
64437
64436
64429
64390
64386
64369
64346
64339
64332
64307
64303
64295
64283
64229
64227
64227
64219
64207
64207
64197
64173
64160
64149
64130
64121
64115
64110
64078
64009
63976
63972
63947
63942
63941
63913
63909
63900
63883
63877
63868
63844
63823
63818
63816
63803
63795
63784
63784
63780
63778
63775
63771
63765
63756
63748
63729
63728
63727
63725
63717
63713
63706
63696
63694
63679
63654
63651
63640
63639
63638
63634
63631
63627
63617
63597
63583
63578
63568
63548
63547
63544
63540
63512
63501
63497
63466
63450
63434
63427
63426
63418
63408
63381
63380
63355
63345
63344
63330
63309
63308
63305
63305
63284
63261
63249
63226
63210
63209
63194
63166
63164
63149
63144
63140
63117
63110
63099
63098
63068
63067
63048
63041
63036
63026
63014
62995
62993
62979
62975
62967
62963
62942
62928
62919
62916
62914
62893
62855
62853
62845
62841
62835
62831
62828
62827
62793
62776
62773
62764
62764
62751
62735
62716
62703
62671
62656
62653
62652
62651
62645
62644
62643
62605
62599
62591
62589
62583
62568
62556
62547
62546
62534
62526
62518
62514
62504
62499
62497
62490
62478
62453
62441
62435
62407
62405
62390
62384
62382
62368
62338
62322
62322
62320
62320
62305
62298
62295
62283
62274
62272
62271
62246
62209
62207
62189
62188
62182
62174
62170
62156
62140
62138
62132
62121
62111
62105
62101
62090
62086
62080
62080
62074
62072
62064
62021
62012
61987
61983
61963
61949
61947
61945
61942
61942
61932
61915
61909
61903
61889
61883
61877
61865
61853
61828
61819
61819
61817
61814
61783
61759
61749
61746
61723
61720
61702
61693
61663
61662
61656
61655
61655
61648
61648
61647
61646
61636
61611
61598
61585
61584
61573
61563
61552
61550
61543
61541
61538
61524
61524
61516
61497
61483
61483
61479
61474
61456
61450
61432
61422
61416
61383
61377
61345
61338
61336
61319
61291
61271
61260
61257
61256
61251
61212
61190
61189
61189
61188
61186
61185
61148
61144
61141
61140
61114
61113
61102
61093
61082
61077
61070
61061
61053
61035
61010
61006
60997
60991
60965
60954
60946
60940
60923
60908
60893
60887
60882
60861
60857
60831
60806
60802
60773
60769
60764
60755
60749
60742
60740
60735
60735
60728
60716
60711
60704
60701
60692
60676
60638
60611
60610
60608
60604
60602
60577
60577
60568
60568
60536
60532
60525
60519
60501
60486
60476
60473
60448
60447
60426
60424
60422
60420
60418
60385
60374
60373
60360
60341
60327
60303
60273
60269
60267
60230
60169
60161
60144
60128
60113
60106
60102
60077
60051
60040
60033
60018
59995
59988
59983
59979
59977
59976
59973
59956
59924
59917
59915
59910
59908
59888
59883
59882
59856
59846
59845
59845
59842
59838
59814
59805
59778
59746
59746
59745
59687
59686
59685
59679
59670
59663
59608
59603
59594
59589
59583
59553
59547
59542
59535
59531
59528
59494
59487
59487
59484
59472
59463
59452
59421
59403
59397
59389
59384
59382
59382
59378
59369
59368
59368
59357
59350
59328
59327
59322
59318
59309
59272
59269
59233
59221
59213
59187
59181
59168
59166
59159
59149
59144
59130
59115
59112
59107
59100
59097
59079
59062
59039
59032
59013
59012
59004
58989
58979
58972
58945
58939
58922
58916
58874
58873
58865
58856
58855
58849
58845
58835
58830
58826
58804
58804
58793
58767
58765
58733
58713
58702
58678
58675
58670
58660
58657
58656
58637
58615
58607
58605
58584
58581
58555
58546
58533
58527
58518
58511
58507
58496
58491
58487
58482
58478
58473
58449
58432
58408
58404
58403
58376
58347
58346
58341
58325
58323
58321
58321
58305
58270
58267
58267
58264
58263
58259
58255
58254
58244
58224
58216
58210
58209
58191
58167
58164
58139
58123
58122
58115
58111
58095
58095
58085
58063
58049
58036
58031
58023
58014
57981
57965
57950
57939
57931
57930
57925
57900
57899
57897
57897
57892
57877
57873
57871
57865
57829
57814
57809
57801
57799
57797
57789
57764
57734
57731
57730
57710
57697
57688
57671
57670
57659
57658
57648
57646
57628
57624
57624
57598
57596
57575
57547
57546
57516
57511
57511
57510
57506
57502
57495
57485
57478
57472
57458
57441
57428
57427
57423
57414
57405
57400
57399
57392
57390
57382
57379
57356
57354
57330
57320
57315
57313
57300
57284
57264
57246
57215
57199
57195
57193
57181
57159
57141
57131
57123
57122
57112
57106
57104
57097
57093
57081
57077
57065
57054
57042
57042
57038
57021
57019
57018
57015
57009
57000
56999
56995
56995
56991
56985
56981
56971
56942
56914
56907
56872
56869
56867
56858
56843
56773
56760
56755
56749
56744
56739
56733
56724
56711
56705
56704
56692
56690
56687
56667
56656
56654
56648
56635
56618
56605
56601
56596
56591
56588
56583
56582
56569
56566
56562
56557
56552
56548
56480
56468
56456
56447
56435
56419
56408
56400
56384
56376
56374
56367
56365
56332
56326
56323
56279
56265
56238
56219
56218
56211
56208
56202
56202
56202
56200
56194
56186
56183
56164
56158
56150
56116
56088
56057
56053
56037
56035
56024
56024
56014
56011
55984
55980
55978
55973
55971
55965
55961
55951
55939
55924
55910
55892
55871
55871
55870
55862
55843
55768
55753
55739
55739
55733
55714
55680
55680
55677
55672
55657
55644
55638
55633
55633
55627
55626
55617
55609
55586
55561
55551
55551
55550
55544
55544
55534
55524
55510
55509
55508
55507
55499
55480
55472
55467
55466
55464
55459
55441
55434
55428
55425
55411
55390
55348
55346
55332
55260
55258
55246
55223
55217
55213
55204
55203
55196
55194
55192
55190
55165
55155
55136
55126
55126
55103
55089
55085
55074
55067
55027
55011
55006
54993
54989
54987
54987
54985
54981
54956
54941
54925
54925
54924
54921
54910
54908
54902
54890
54889
54870
54868
54866
54854
54837
54810
54790
54772
54766
54749
54748
54737
54734
54676
54674
54673
54664
54662
54657
54653
54613
54613
54595
54588
54572
54568
54565
54546
54541
54540
54540
54533
54505
54502
54478
54475
54450
54447
54441
54418
54412
54406
54381
54380
54375
54374
54351
54350
54341
54336
54328
54307
54306
54300
54300
54299
54294
54287
54259
54242
54227
54225
54211
54208
54205
54198
54191
54186
54185
54174
54165
54158
54155
54144
54131
54129
54109
54090
54087
54071
54064
54062
54061
54059
54057
54042
54024
54016
54008
54007
54000
53971
53965
53954
53947
53942
53910
53910
53907
53901
53882
53863
53835
53834
53829
53807
53804
53800
53793
53783
53770
53770
53763
53756
53730
53728
53717
53713
53711
53706
53706
53701
53697
53695
53687
53684
53664
53661
53650
53640
53632
53630
53615
53598
53578
53576
53544
53539
53489
53487
53481
53480
53479
53478
53460
53446
53440
53436
53434
53428
53399
53396
53381
53377
53366
53365
53350
53345
53327
53319
53309
53303
53295
53282
53273
53272
53268
53263
53250
53242
53240
53239
53225
53204
53183
53172
53168
53166
53160
53158
53151
53149
53139
53138
53135
53127
53123
53113
53079
53074
53064
53056
53054
53050
53048
53027
53008
53006
52992
52985
52981
52971
52969
52954
52937
52932
52926
52915
52892
52880
52867
52857
52839
52824
52822
52811
52810
52806
52796
52770
52752
52741
52716
52712
52709
52707
52706
52702
52687
52681
52671
52667
52644
52644
52634
52628
52622
52617
52612
52610
52591
52587
52585
52579
52577
52545
52537
52534
52520
52495
52465
52464
52461
52455
52439
52434
52385
52384
52384
52367
52364
52362
52347
52339
52332
52326
52324
52323
52314
52264
52264
52251
52244
52235
52233
52228
52204
52196
52194
52184
52184
52180
52179
52168
52167
52147
52137
52132
52090
52088
52087
52082
52061
52054
52051
52041
52033
52015
52012
52008
52007
52001
51971
51966
51965
51951
51947
51939
51932
51923
51910
51900
51895
51876
51870
51862
51860
51843
51831
51807
51786
51765
51760
51740
51732
51727
51727
51724
51707
51707
51702
51686
51684
51675
51668
51665
51661
51655
51651
51643
51637
51632
51625
51624
51617
51615
51601
51595
51586
51570
51556
51546
51537
51531
51523
51507
51502
51488
51472
51460
51460
51452
51441
51424
51417
51412
51412
51411
51406
51383
51380
51378
51374
51330
51328
51318
51315
51314
51314
51310
51307
51298
51292
51261
51253
51251
51246
51212
51199
51196
51195
51177
51150
51147
51115
51085
51084
51081
51059
51053
51050
51039
51022
51022
51020
50999
50962
50952
50943
50936
50932
50927
50916
50903
50879
50871
50859
50858
50857
50853
50848
50818
50812
50806
50795
50783
50781
50776
50763
50758
50754
50746
50745
50744
50732
50730
50728
50725
50724
50714
50713
50712
50709
50708
50700
50697
50693
50658
50645
50622
50621
50616
50612
50609
50604
50602
50580
50573
50566
50553
50536
50526
50522
50517
50516
50508
50491
50486
50486
50482
50469
50443
50439
50430
50422
50417
50404
50378
50374
50373
50366
50363
50363
50353
50349
50341
50335
50325
50324
50322
50301
50285
50275
50259
50251
50214
50208
50190
50176
50175
50161
50159
50159
50157
50156
50150
50131
50115
50115
50101
50076
50076
50072
50059
50001
49993
49982
49982
49969
49949
49947
49943
49943
49936
49932
49929
49914
49912
49884
49878
49861
49858
49852
49849
49848
49838
49837
49832
49828
49825
49819
49812
49794
49769
49744
49730
49698
49687
49686
49685
49670
49653
49649
49647
49640
49640
49631
49629
49624
49608
49601
49599
49582
49581
49574
49571
49562
49562
49557
49553
49514
49514
49512
49509
49498
49494
49490
49484
49481
49480
49471
49458
49452
49425
49419
49418
49416
49412
49376
49374
49369
49354
49335
49332
49326
49322
49286
49275
49271
49250
49222
49213
49200
49183
49171
49159
49135
49123
49111
49109
49095
49087
49078
49065
49051
49044
49036
49036
49034
49027
49025
49006
48993
48993
48977
48959
48951
48937
48933
48923
48921
48913
48900
48900
48888
48883
48873
48849
48848
48842
48831
48823
48801
48784
48769
48762
48761
48704
48687
48675
48648
48634
48624
48605
48604
48590
48589
48586
48579
48560
48559
48534
48534
48534
48530
48526
48523
48516
48515
48504
48494
48487
48485
48470
48463
48458
48456
48453
48452
48418
48397
48388
48386
48378
48340
48332
48310
48299
48280
48278
48276
48274
48268
48240
48236
48232
48230
48224
48223
48223
48220
48208
48199
48185
48155
48148
48140
48137
48135
48125
48111
48106
48105
48104
48097
48086
48082
48073
48070
48068
48042
48030
48022
48003
47998
47995
47991
47988
47986
47984
47978
47961
47948
47935
47933
47932
47882
47875
47865
47857
47848
47841
47817
47812
47802
47795
47792
47789
47786
47779
47769
47764
47753
47744
47732
47724
47722
47716
47712
47710
47686
47681
47660
47625
47623
47621
47615
47586
47584
47581
47580
47575
47572
47564
47560
47547
47543
47533
47531
47519
47505
47499
47487
47485
47473
47471
47469
47468
47460
47458
47439
47435
47422
47416
47402
47396
47392
47385
47369
47369
47334
47320
47317
47300
47297
47297
47268
47266
47250
47246
47229
47222
47212
47203
47195
47153
47142
47138
47134
47126
47115
47106
47097
47094
47084
47084
47083
47075
47067
47048
46998
46997
46994
46989
46981
46967
46965
46963
46940
46934
46933
46903
46898
46895
46887
46887
46882
46878
46876
46875
46871
46865
46864
46844
46835
46832
46827
46824
46809
46775
46771
46754
46752
46751
46743
46741
46731
46724
46712
46710
46693
46693
46680
46669
46669
46664
46664
46661
46660
46639
46625
46597
46594
46577
46548
46543
46538
46532
46520
46516
46512
46511
46511
46510
46503
46496
46481
46480
46468
46467
46461
46443
46430
46430
46427
46414
46408
46405
46387
46386
46380
46364
46340
46320
46307
46303
46296
46282
46278
46263
46244
46242
46221
46208
46200
46198
46193
46189
46182
46172
46168
46166
46159
46151
46146
46134
46134
46130
46119
46118
46099
46096
46095
46090
46042
46039
46033
46028
46022
46007
45991
45977
45974
45971
45959
45952
45946
45941
45937
45934
45929
45919
45876
45876
45827
45824
45822
45816
45799
45797
45796
45796
45785
45780
45770
45766
45754
45745
45738
45719
45717
45706
45698
45696
45689
45687
45673
45668
45655
45651
45641
45616
45615
45614
45583
45575
45569
45567
45558
45545
45542
45520
45501
45492
45491
45470
45437
45431
45423
45423
45414
45411
45400
45395
45394
45379
45366
45357
45351
45344
45337
45336
45326
45323
45305
45277
45276
45274
45271
45258
45242
45238
45237
45223
45208
45203
45194
45179
45165
45162
45157
45151
45138
45129
45100
45081
45072
45056
45054
45053
45043
45036
45026
45025
45024
45020
45018
45017
45013
45006
44995
44990
44989
44969
44961
44939
44930
44896
44889
44888
44880
44870
44862
44860
44842
44841
44829
44828
44802
44802
44791
44768
44744
44735
44707
44695
44689
44678
44677
44671
44659
44651
44649
44649
44648
44645
44635
44622
44608
44605
44602
44596
44592
44592
44572
44565
44536
44534
44533
44515
44506
44477
44474
44471
44462
44455
44448
44439
44434
44424
44390
44389
44383
44373
44368
44351
44342
44339
44337
44333
44331
44304
44302
44301
44288
44256
44255
44211
44209
44208
44165
44162
44145
44138
44133
44123
44100
44100
44099
44066
44033
44024
43998
43989
43974
43959
43949
43946
43931
43927
43918
43903
43897
43895
43889
43873
43854
43850
43798
43790
43775
43773
43765
43762
43752
43750
43742
43735
43734
43685
43670
43647
43647
43631
43606
43590
43581
43558
43557
43556
43554
43551
43534
43531
43513
43508
43491
43487
43473
43469
43467
43465
43462
43455
43434
43399
43375
43363
43348
43298
43292
43290
43288
43255
43239
43239
43238
43229
43216
43200
43198
43190
43182
43179
43176
43167
43165
43161
43160
43151
43151
43146
43132
43131
43128
43110
43105
43086
43080
43045
43023
43018
43013
43007
43001
42996
42947
42940
42938
42922
42921
42902
42895
42895
42884
42867
42864
42858
42850
42835
42835
42810
42802
42794
42793
42777
42758
42757
42756
42738
42734
42718
42715
42693
42691
42665
42653
42639
42639
42612
42603
42585
42579
42552
42546
42542
42541
42540
42527
42512
42507
42499
42499
42496
42496
42487
42482
42469
42466
42458
42458
42455
42433
42425
42397
42397
42393
42368
42368
42345
42338
42334
42326
42320
42304
42288
42283
42279
42272
42267
42263
42262
42259
42257
42255
42231
42228
42205
42201
42177
42173
42147
42103
42099
42098
42093
42082
42078
42062
42062
42050
42046
42021
41972
41968
41963
41938
41932
41927
41908
41904
41889
41880
41872
41872
41870
41869
41865
41854
41849
41849
41845
41834
41823
41818
41805
41787
41785
41750
41747
41746
41733
41729
41701
41689
41688
41654
41639
41626
41620
41620
41615
41612
41611
41601
41597
41597
41594
41593
41590
41581
41578
41538
41533
41529
41514
41497
41478
41459
41426
41406
41396
41394
41387
41385
41377
41372
41369
41360
41358
41357
41343
41331
41331
41324
41320
41316
41316
41304
41290
41286
41278
41268
41264
41238
41187
41182
41179
41170
41168
41163
41154
41149
41129
41124
41123
41115
41112
41106
41101
41086
41082
41077
41070
41056
41048
41032
41029
41026
41017
41015
41009
40999
40944
40939
40935
40930
40902
40894
40878
40871
40871
40853
40847
40847
40840
40839
40822
40809
40794
40780
40778
40776
40774
40773
40768
40763
40762
40729
40724
40705
40704
40688
40645
40639
40634
40612
40604
40586
40580
40556
40554
40549
40546
40534
40530
40528
40527
40526
40514
40493
40492
40419
40408
40400
40399
40394
40385
40378
40362
40335
40331
40324
40313
40313
40294
40270
40263
40255
40252
40238
40236
40233
40211
40211
40208
40189
40184
40183
40179
40165
40163
40158
40156
40150
40146
40143
40117
40114
40114
40107
40099
40096
40092
40090
40083
40082
40081
40079
40073
40061
40032
40030
40020
40019
40018
40011
40010
39986
39969
39966
39961
39953
39950
39941
39930
39926
39920
39917
39908
39891
39879
39842
39831
39831
39827
39820
39810
39807
39795
39795
39791
39751
39730
39727
39723
39718
39688
39676
39672
39667
39660
39656
39644
39641
39639
39639
39624
39608
39590
39579
39578
39558
39558
39556
39543
39542
39541
39536
39528
39526
39509
39503
39493
39482
39473
39470
39467
39464
39463
39459
39450
39449
39446
39440
39427
39425
39409
39406
39403
39395
39386
39382
39374
39356
39343
39341
39335
39331
39327
39325
39305
39291
39289
39274
39274
39273
39252
39244
39208
39188
39187
39184
39171
39168
39160
39131
39125
39116
39115
39106
39101
39078
39075
39067
39065
39064
39061
39034
39025
39024
39022
39014
39010
39008
38987
38975
38965
38962
38946
38934
38915
38912
38886
38885
38879
38869
38868
38844
38814
38806
38771
38768
38761
38737
38718
38709
38691
38691
38677
38668
38658
38627
38616
38600
38597
38594
38579
38556
38554
38549
38538
38506
38505
38504
38503
38498
38459
38446
38446
38431
38414
38405
38400
38400
38393
38390
38383
38382
38373
38360
38358
38358
38355
38347
38315
38303
38293
38289
38274
38259
38258
38255
38252
38236
38228
38217
38210
38210
38208
38206
38206
38197
38196
38193
38176
38173
38155
38137
38136
38127
38115
38101
38085
38081
38073
38072
38071
38060
38053
38052
38042
38017
38006
37961
37914
37906
37894
37881
37864
37860
37859
37858
37833
37826
37813
37801
37788
37767
37757
37752
37747
37744
37739
37735
37722
37712
37711
37706
37698
37688
37680
37675
37668
37663
37663
37637
37633
37617
37612
37606
37606
37606
37598
37585
37574
37566
37549
37537
37516
37497
37496
37476
37474
37443
37440
37439
37436
37427
37420
37413
37407
37404
37400
37388
37386
37383
37365
37356
37351
37345
37339
37323
37307
37282
37278
37268
37264
37253
37242
37238
37238
37232
37202
37192
37183
37164
37159
37152
37148
37146
37144
37131
37106
37098
37090
37076
37062
37051
37038
37027
37014
37008
37004
37000
36974
36943
36942
36939
36938
36928
36923
36920
36916
36915
36908
36888
36874
36867
36863
36848
36819
36792
36782
36761
36753
36723
36701
36692
36689
36683
36678
36678
36669
36667
36665
36629
36622
36595
36593
36582
36559
36553
36540
36528
36524
36522
36508
36507
36476
36421
36419
36406
36393
36388
36388
36383
36377
36371
36369
36365
36345
36334
36324
36324
36317
36308
36291
36284
36267
36259
36240
36228
36228
36224
36221
36217
36214
36209
36205
36194
36185
36179
36165
36161
36148
36140
36137
36135
36127
36101
36100
36086
36070
36067
36063
36057
36047
36047
36041
36026
36018
36017
36012
36009
36006
35991
35989
35986
35980
35957
35952
35951
35949
35924
35919
35919
35893
35878
35876
35873
35866
35857
35838
35829
35829
35825
35817
35804
35789
35775
35770
35757
35756
35743
35731
35723
35701
35683
35681
35658
35655
35638
35617
35616
35612
35601
35597
35588
35576
35570
35554
35532
35512
35479
35431
35425
35424
35423
35421
35411
35397
35396
35395
35391
35380
35364
35362
35341
35314
35296
35293
35291
35275
35271
35269
35267
35265
35249
35222
35218
35215
35212
35195
35191
35181
35174
35157
35135
35133
35107
35085
35084
35076
35057
35037
35021
34994
34993
34992
34990
34985
34983
34982
34977
34964
34962
34955
34955
34955
34953
34951
34947
34943
34929
34927
34926
34922
34919
34854
34849
34823
34820
34816
34812
34795
34791
34786
34782
34760
34749
34738
34721
34703
34692
34679
34678
34677
34659
34657
34654
34654
34650
34622
34592
34571
34552
34551
34536
34535
34531
34528
34506
34474
34427
34423
34407
34374
34374
34360
34348
34319
34299
34283
34245
34217
34194
34191
34191
34190
34178
34173
34165
34164
34159
34157
34154
34148
34142
34139
34133
34112
34109
34104
34102
34102
34088
34087
34077
34074
34059
34054
34041
34037
34002
33966
33959
33951
33949
33935
33928
33901
33887
33882
33879
33869
33854
33853
33830
33818
33817
33802
33789
33788
33778
33755
33742
33734
33724
33717
33685
33676
33665
33661
33653
33647
33628
33616
33598
33584
33584
33584
33575
33551
33535
33529
33527
33505
33482
33481
33474
33465
33461
33449
33437
33422
33419
33418
33414
33412
33399
33377
33370
33364
33361
33360
33347
33344
33343
33342
33340
33325
33322
33322
33318
33318
33310
33301
33297
33281
33273
33271
33262
33256
33240
33237
33235
33216
33202
33196
33161
33144
33121
33121
33118
33115
33106
33091
33078
33063
33044
33039
33037
32989
32986
32974
32966
32959
32952
32944
32938
32909
32900
32894
32866
32862
32861
32849
32828
32827
32826
32824
32814
32813
32787
32778
32767
32763
32725
32725
32721
32695
32694
32685
32681
32677
32668
32663
32636
32602
32586
32574
32565
32562
32555
32537
32508
32495
32482
32481
32470
32457
32457
32452
32432
32427
32407
32392
32387
32380
32376
32375
32370
32368
32324
32324
32318
32314
32299
32285
32276
32273
32268
32240
32238
32222
32221
32212
32204
32201
32192
32184
32161
32148
32147
32132
32130
32129
32090
32043
32033
32011
32007
32003
31995
31989
31984
31975
31969
31950
31915
31913
31900
31893
31892
31890
31889
31876
31874
31867
31860
31858
31858
31846
31841
31830
31802
31800
31784
31781
31764
31727
31726
31707
31693
31689
31689
31681
31658
31639
31619
31591
31587
31584
31576
31569
31567
31564
31559
31548
31544
31531
31523
31522
31515
31496
31467
31464
31446
31443
31412
31401
31401
31398
31385
31385
31380
31356
31340
31328
31282
31280
31269
31255
31251
31250
31247
31247
31241
31219
31210
31208
31187
31187
31181
31177
31166
31141
31108
31106
31089
31075
31061
31060
31029
31015
31012
31012
31010
31008
31002
30969
30952
30943
30931
30914
30887
30877
30866
30863
30856
30850
30848
30847
30845
30830
30823
30794
30788
30775
30752
30752
30741
30730
30717
30714
30696
30691
30687
30682
30664
30644
30635
30635
30621
30614
30560
30538
30533
30521
30521
30511
30507
30506
30502
30502
30491
30485
30475
30455
30440
30438
30432
30430
30414
30401
30398
30375
30364
30362
30362
30359
30357
30332
30329
30324
30318
30301
30299
30251
30231
30224
30208
30173
30150
30120
30099
30089
30089
30084
30082
30077
30060
30059
30025
30019
30016
30001
30000
29987
29977
29974
29973
29971
29950
29949
29945
29915
29913
29912
29907
29904
29902
29895
29889
29885
29850
29840
29839
29837
29836
29829
29819
29818
29799
29772
29770
29769
29767
29766
29766
29753
29751
29738
29723
29717
29705
29705
29702
29690
29671
29661
29632
29600
29594
29581
29563
29551
29545
29532
29525
29515
29505
29503
29500
29494
29481
29471
29457
29454
29449
29435
29434
29405
29401
29395
29391
29356
29339
29311
29303
29287
29270
29240
29232
29231
29227
29211
29205
29170
29167
29156
29156
29154
29146
29138
29136
29136
29127
29124
29104
29101
29096
29094
29082
29080
29075
29065
29061
29047
29046
29038
29038
29037
29034
29029
29018
28994
28978
28974
28962
28950
28946
28938
28934
28932
28925
28910
28909
28903
28895
28886
28871
28862
28855
28842
28838
28837
28815
28792
28782
28779
28770
28763
28759
28744
28700
28691
28686
28681
28672
28640
28637
28630
28606
28601
28590
28584
28571
28565
28555
28544
28540
28539
28507
28488
28481
28473
28456
28449
28416
28413
28387
28369
28355
28354
28349
28346
28337
28325
28321
28314
28297
28287
28281
28236
28225
28187
28183
28183
28181
28174
28168
28152
28128
28101
28098
28093
28054
28049
28009
28001
27990
27983
27946
27937
27923
27914
27905
27885
27877
27873
27871
27857
27846
27826
27822
27807
27786
27756
27746
27701
27683
27675
27674
27671
27664
27661
27652
27651
27649
27648
27637
27619
27615
27605
27582
27537
27523
27509
27507
27503
27502
27490
27473
27419
27413
27408
27393
27387
27362
27346
27346
27332
27332
27329
27317
27314
27305
27303
27280
27278
27270
27261
27258
27219
27219
27217
27212
27196
27194
27180
27174
27172
27165
27152
27135
27134
27121
27104
27093
27092
27071
27051
27046
27035
27025
27021
27016
27016
27012
26983
26982
26978
26945
26923
26922
26874
26856
26850
26847
26847
26837
26835
26821
26810
26800
26798
26795
26792
26785
26780
26761
26746
26745
26736
26731
26722
26720
26711
26702
26695
26691
26688
26685
26672
26657
26639
26637
26631
26610
26595
26579
26554
26553
26528
26505
26500
26486
26479
26469
26468
26429
26427
26426
26423
26419
26406
26405
26398
26395
26386
26386
26356
26353
26340
26324
26321
26321
26318
26264
26254
26250
26246
26236
26234
26231
26221
26216
26187
26183
26174
26171
26169
26168
26161
26141
26134
26113
26102
26087
26073
26066
26063
26054
26024
26013
26007
25996
25991
25976
25976
25966
25944
25942
25938
25908
25894
25889
25877
25875
25872
25872
25833
25820
25789
25773
25771
25765
25757
25746
25742
25730
25724
25710
25707
25700
25696
25680
25672
25656
25654
25639
25624
25607
25597
25586
25575
25569
25568
25547
25542
25502
25495
25493
25473
25467
25451
25446
25434
25429
25429
25427
25411
25407
25404
25390
25383
25383
25371
25367
25356
25334
25314
25310
25307
25303
25300
25294
25293
25293
25273
25267
25264
25250
25242
25222
25221
25218
25216
25214
25212
25209
25191
25185
25176
25175
25173
25170
25153
25139
25127
25120
25117
25101
25093
25076
25070
25054
25039
25024
25018
25016
24999
24995
24991
24981
24979
24967
24967
24958
24949
24936
24933
24931
24931
24924
24923
24891
24886
24857
24852
24848
24841
24828
24826
24820
24819
24813
24805
24789
24776
24764
24752
24746
24728
24704
24699
24694
24694
24693
24689
24688
24687
24686
24685
24679
24676
24672
24671
24663
24658
24633
24615
24613
24595
24586
24578
24575
24558
24529
24525
24523
24523
24522
24521
24517
24486
24480
24475
24475
24471
24452
24446
24431
24430
24380
24374
24373
24370
24368
24364
24352
24345
24317
24311
24291
24267
24265
24254
24246
24229
24218
24214
24204
24195
24177
24174
24164
24149
24135
24128
24088
24088
24074
24069
24067
24066
24051
24046
24041
24035
24034
24022
24012
24005
24004
23996
23992
23982
23975
23973
23969
23931
23910
23902
23892
23880
23873
23869
23866
23862
23847
23831
23804
23798
23771
23767
23753
23751
23751
23732
23731
23720
23714
23708
23708
23705
23703
23694
23691
23670
23662
23658
23656
23651
23647
23641
23632
23618
23608
23598
23593
23590
23571
23530
23509
23504
23494
23494
23484
23476
23471
23465
23454
23436
23430
23426
23416
23415
23409
23406
23382
23376
23354
23337
23334
23331
23324
23319
23312
23311
23294
23264
23250
23248
23239
23227
23213
23211
23184
23181
23173
23157
23157
23157
23135
23128
23115
23034
23033
23028
23007
23000
22993
22992
22979
22962
22961
22957
22956
22955
22946
22933
22922
22916
22891
22882
22879
22867
22862
22855
22818
22816
22805
22797
22779
22775
22744
22741
22719
22713
22709
22703
22674
22670
22665
22653
22637
22620
22616
22609
22597
22591
22584
22576
22569
22564
22560
22547
22546
22546
22544
22534
22533
22526
22524
22515
22512
22504
22493
22490
22482
22468
22463
22449
22442
22429
22427
22423
22412
22401
22397
22395
22386
22385
22380
22353
22344
22338
22329
22317
22312
22274
22272
22264
22246
22227
22222
22214
22199
22190
22171
22157
22153
22139
22134
22128
22127
22112
22101
22082
22075
22074
22074
22071
22065
22059
22056
22033
22025
22022
22002
21990
21965
21958
21947
21945
21937
21920
21920
21919
21918
21903
21893
21871
21869
21862
21827
21825
21822
21809
21771
21761
21757
21733
21732
21716
21674
21649
21641
21633
21624
21623
21617
21566
21550
21529
21510
21502
21489
21480
21477
21470
21468
21466
21464
21448
21438
21438
21432
21424
21419
21405
21404
21396
21394
21388
21388
21381
21380
21373
21351
21350
21337
21334
21333
21322
21311
21273
21269
21269
21263
21253
21247
21242
21238
21236
21231
21230
21205
21197
21197
21173
21170
21153
21111
21108
21106
21067
21065
21064
21053
21044
21042
21031
21007
21006
21003
21000
20995
20973
20960
20954
20954
20949
20943
20936
20928
20923
20910
20903
20894
20882
20878
20875
20866
20862
20861
20809
20803
20803
20802
20798
20793
20758
20741
20725
20719
20714
20714
20711
20667
20660
20587
20578
20573
20571
20561
20555
20548
20543
20539
20539
20538
20535
20534
20530
20529
20527
20527
20525
20512
20493
20480
20478
20473
20461
20426
20424
20420
20416
20412
20407
20403
20391
20386
20381
20380
20373
20334
20323
20310
20309
20273
20247
20239
20231
20230
20212
20206
20200
20194
20192
20191
20172
20164
20163
20159
20149
20135
20130
20125
20122
20096
20064
20059
20043
20042
20035
20031
20027
20021
20008
20005
19996
19995
19992
19991
19964
19943
19919
19907
19895
19884
19854
19854
19852
19846
19835
19827
19825
19822
19803
19789
19779
19750
19749
19745
19738
19738
19736
19735
19732
19724
19724
19722
19715
19700
19691
19690
19684
19681
19677
19658
19628
19610
19608
19571
19539
19538
19532
19515
19509
19497
19494
19485
19476
19474
19468
19464
19450
19448
19443
19437
19435
19434
19429
19428
19423
19409
19407
19393
19391
19384
19383
19370
19368
19364
19333
19332
19326
19320
19320
19316
19313
19278
19275
19271
19268
19262
19251
19229
19224
19217
19180
19176
19176
19176
19175
19173
19168
19145
19137
19125
19103
19102
19076
19065
19065
19046
19046
19038
19020
19006
18984
18981
18963
18960
18959
18956
18950
18944
18942
18941
18932
18930
18924
18917
18893
18879
18867
18845
18841
18840
18815
18808
18796
18791
18784
18781
18734
18725
18707
18699
18690
18685
18685
18682
18678
18666
18658
18649
18631
18628
18609
18607
18558
18553
18547
18546
18544
18543
18536
18526
18523
18518
18516
18509
18492
18473
18455
18423
18415
18395
18380
18369
18362
18362
18357
18329
18313
18307
18298
18293
18284
18262
18260
18254
18239
18224
18219
18165
18149
18134
18126
18116
18111
18111
18106
18093
18088
18076
18075
18064
18064
18046
18042
18038
18013
18001
17995
17987
17980
17958
17952
17951
17903
17898
17895
17870
17869
17865
17857
17845
17841
17840
17823
17814
17813
17810
17792
17791
17785
17784
17726
17708
17687
17664
17651
17649
17648
17644
17627
17622
17619
17606
17599
17593
17580
17576
17573
17563
17536
17522
17519
17496
17495
17493
17474
17466
17465
17460
17444
17443
17428
17428
17424
17418
17415
17382
17354
17343
17334
17324
17320
17311
17307
17304
17291
17282
17253
17208
17199
17166
17165
17162
17153
17139
17127
17093
17061
17041
17038
17027
17025
17023
17012
17002
16977
16977
16966
16951
16934
16931
16920
16906
16895
16880
16841
16810
16809
16806
16790
16761
16751
16744
16744
16734
16724
16718
16702
16699
16695
16675
16672
16667
16651
16642
16635
16615
16610
16609
16606
16602
16597
16581
16570
16568
16567
16561
16553
16552
16545
16524
16520
16519
16511
16510
16499
16475
16471
16465
16463
16438
16436
16429
16425
16419
16406
16390
16387
16366
16360
16353
16346
16345
16337
16331
16324
16323
16309
16256
16254
16247
16245
16230
16227
16217
16214
16212
16184
16181
16172
16169
16165
16146
16146
16145
16137
16134
16132
16124
16121
16116
16114
16098
16096
16094
16085
16076
16056
16049
16040
16032
16030
16026
16008
15999
15977
15950
15945
15913
15913
15906
15896
15893
15888
15877
15849
15843
15839
15838
15835
15816
15803
15799
15780
15780
15780
15758
15741
15733
15706
15693
15680
15680
15658
15643
15643
15639
15614
15609
15609
15589
15587
15579
15574
15570
15565
15553
15552
15549
15545
15542
15541
15519
15503
15500
15482
15461
15457
15430
15430
15421
15391
15379
15360
15356
15348
15340
15331
15316
15294
15287
15271
15268
15254
15201
15187
15178
15167
15147
15127
15116
15115
15107
15107
15087
15084
15067
15063
15062
15058
15052
15050
15031
15018
14991
14982
14982
14966
14951
14946
14942
14931
14908
14901
14892
14888
14886
14873
14868
14847
14842
14819
14817
14809
14792
14789
14788
14778
14771
14761
14745
14739
14729
14728
14720
14708
14703
14700
14693
14657
14656
14641
14640
14638
14627
14616
14611
14611
14609
14600
14589
14578
14570
14557
14537
14537
14521
14506
14505
14498
14483
14472
14470
14453
14452
14433
14431
14425
14417
14410
14408
14397
14395
14381
14379
14357
14348
14340
14339
14335
14334
14332
14306
14295
14283
14274
14271
14264
14258
14220
14218
14208
14175
14173
14170
14168
14138
14109
14108
14102
14094
14063
14058
14054
14052
14045
14023
14020
14012
14009
14003
14002
14000
13985
13983
13974
13972
13900
13896
13854
13851
13850
13845
13844
13836
13825
13823
13815
13814
13792
13790
13785
13775
13774
13772
13760
13760
13753
13725
13706
13697
13670
13668
13651
13639
13630
13623
13622
13612
13608
13602
13594
13575
13574
13557
13538
13536
13530
13530
13520
13520
13509
13506
13489
13484
13483
13472
13467
13457
13438
13426
13421
13403
13372
13369
13365
13364
13354
13350
13346
13345
13341
13340
13319
13317
13316
13300
13263
13244
13240
13234
13233
13228
13228
13210
13208
13205
13196
13178
13162
13159
13132
13121
13117
13110
13109
13101
13089
13081
13075
13072
13016
12984
12974
12963
12936
12924
12916
12891
12873
12869
12844
12822
12820
12800
12792
12783
12780
12778
12761
12757
12756
12734
12731
12711
12696
12688
12615
12599
12593
12585
12561
12558
12535
12528
12517
12512
12503
12497
12466
12464
12462
12435
12426
12421
12417
12403
12393
12374
12351
12346
12313
12307
12304
12301
12296
12274
12262
12259
12250
12245
12239
12211
12198
12136
12127
12115
12111
12103
12083
12073
12063
12061
12060
12057
12028
12022
12020
12011
12007
11999
11996
11989
11981
11980
11979
11978
11964
11963
11962
11957
11956
11948
11945
11938
11925
11913
11909
11900
11878
11862
11854
11816
11813
11804
11802
11790
11788
11787
11786
11774
11769
11750
11750
11735
11723
11721
11700
11699
11693
11687
11681
11680
11661
11661
11655
11617
11599
11589
11568
11515
11481
11473
11472
11469
11464
11451
11450
11447
11445
11438
11437
11402
11389
11386
11385
11382
11377
11372
11371
11365
11365
11358
11357
11353
11338
11331
11317
11309
11305
11301
11299
11298
11297
11282
11261
11257
11228
11203
11196
11188
11178
11176
11173
11170
11165
11160
11158
11121
11117
11074
11071
11067
11051
11045
11039
11029
11021
11014
10995
10974
10968
10959
10959
10930
10927
10926
10921
10911
10907
10899
10870
10862
10849
10848
10848
10841
10834
10833
10825
10822
10821
10809
10809
10791
10769
10769
10767
10753
10750
10741
10731
10726
10718
10718
10701
10686
10680
10658
10647
10642
10641
10620
10618
10615
10611
10609
10571
10533
10524
10520
10502
10495
10478
10476
10467
10444
10439
10434
10431
10421
10410
10401
10394
10377
10339
10324
10311
10310
10299
10297
10292
10248
10243
10241
10235
10231
10227
10218
10217
10215
10203
10196
10188
10187
10171
10163
10159
10156
10146
10119
10116
10115
10111
10108
10101
10096
10090
10085
10083
10081
10080
10079
10074
10066
10065
10043
10035
10028
10027
10024
10016
10013
10005
9994
9994
9991
9988
9981
9977
9977
9969
9968
9968
9963
9952
9951
9931
9928
9903
9903
9888
9872
9866
9864
9861
9846
9822
9821
9794
9792
9791
9787
9776
9776
9772
9772
9739
9712
9687
9685
9685
9680
9656
9653
9635
9620
9617
9610
9608
9608
9580
9578
9575
9564
9564
9560
9556
9556
9556
9544
9513
9493
9484
9478
9468
9463
9448
9407
9384
9381
9372
9358
9350
9342
9342
9340
9336
9334
9321
9314
9310
9308
9305
9301
9292
9282
9278
9257
9255
9251
9233
9232
9224
9144
9141
9137
9121
9119
9114
9104
9088
9079
9075
9062
9053
9050
9043
9035
9023
9021
8995
8960
8958
8937
8915
8911
8907
8899
8895
8887
8887
8876
8860
8848
8843
8841
8831
8827
8820
8818
8802
8798
8792
8788
8786
8775
8773
8772
8766
8756
8753
8733
8704
8690
8688
8686
8684
8682
8666
8638
8630
8606
8594
8584
8538
8510
8504
8489
8478
8462
8460
8446
8423
8422
8420
8410
8405
8386
8382
8368
8352
8350
8345
8344
8341
8340
8327
8302
8288
8271
8264
8262
8257
8256
8254
8232
8230
8201
8171
8169
8164
8136
8125
8112
8101
8100
8095
8090
8080
8068
8050
8035
8027
8022
8020
8004
7995
7995
7963
7956
7953
7951
7945
7914
7906
7873
7861
7860
7852
7848
7816
7816
7800
7791
7756
7747
7746
7744
7737
7735
7728
7696
7679
7670
7664
7663
7651
7639
7616
7578
7573
7572
7557
7536
7532
7524
7523
7502
7497
7488
7483
7481
7470
7451
7420
7411
7409
7401
7379
7356
7346
7344
7313
7308
7306
7304
7295
7290
7285
7271
7269
7267
7262
7261
7253
7244
7228
7214
7183
7172
7171
7166
7162
7154
7138
7102
7089
7088
7074
7062
7038
7035
7030
7024
7018
7017
7011
7007
6999
6991
6987
6979
6978
6948
6939
6938
6917
6911
6910
6905
6903
6893
6884
6879
6869
6865
6858
6858
6849
6839
6834
6826
6825
6810
6809
6772
6761
6755
6753
6742
6741
6732
6724
6719
6706
6704
6677
6645
6638
6623
6600
6592
6588
6585
6584
6577
6558
6556
6552
6542
6536
6506
6477
6474
6465
6464
6454
6432
6417
6411
6408
6394
6373
6365
6359
6358
6345
6345
6343
6337
6326
6320
6318
6318
6313
6309
6305
6302
6295
6276
6274
6270
6268
6255
6246
6245
6239
6236
6232
6217
6206
6204
6189
6182
6176
6159
6126
6125
6116
6113
6076
6068
6062
6058
6019
6011
5994
5982
5940
5939
5936
5933
5929
5928
5926
5925
5903
5899
5890
5871
5862
5852
5850
5836
5835
5832
5814
5810
5809
5809
5807
5804
5786
5776
5776
5766
5762
5753
5751
5750
5743
5731
5727
5727
5699
5691
5680
5669
5662
5659
5652
5641
5637
5630
5611
5607
5605
5598
5594
5589
5572
5570
5566
5558
5556
5555
5552
5543
5529
5510
5507
5506
5481
5472
5464
5437
5431
5419
5405
5395
5394
5379
5379
5379
5374
5369
5361
5360
5350
5321
5319
5308
5298
5298
5289
5288
5280
5276
5268
5266
5265
5262
5255
5237
5224
5216
5214
5209
5204
5193
5176
5175
5172
5165
5164
5163
5143
5135
5132
5132
5128
5119
5118
5117
5109
5097
5084
5079
5078
5064
5064
5064
5055
5045
5027
5013
5013
5004
4997
4992
4990
4976
4967
4967
4953
4945
4941
4932
4931
4927
4923
4922
4919
4910
4910
4897
4893
4854
4826
4771
4771
4767
4753
4747
4742
4739
4728
4722
4718
4703
4668
4645
4622
4604
4599
4587
4578
4575
4552
4549
4545
4539
4529
4523
4516
4501
4497
4471
4469
4460
4444
4437
4434
4432
4423
4420
4416
4410
4397
4394
4387
4381
4368
4358
4351
4324
4318
4268
4258
4257
4254
4239
4229
4226
4220
4219
4207
4206
4205
4188
4187
4173
4166
4156
4137
4135
4134
4133
4122
4118
4083
4079
4077
4043
4019
4014
3979
3970
3969
3958
3956
3948
3944
3919
3907
3896
3875
3864
3857
3835
3835
3813
3810
3794
3788
3786
3767
3765
3759
3756
3750
3747
3741
3730
3702
3699
3692
3688
3678
3638
3638
3632
3627
3602
3594
3593
3584
3583
3583
3581
3572
3566
3558
3556
3536
3535
3531
3529
3512
3512
3452
3449
3440
3435
3433
3422
3419
3411
3401
3395
3390
3383
3382
3381
3373
3350
3323
3322
3313
3292
3281
3276
3269
3259
3255
3244
3236
3191
3177
3144
3141
3112
3091
3076
3074
3071
3038
3008
3004
2978
2970
2944
2935
2931
2931
2927
2907
2904
2882
2877
2876
2870
2862
2824
2820
2799
2791
2784
2765
2764
2762
2760
2754
2753
2751
2724
2714
2699
2684
2681
2673
2644
2639
2622
2612
2610
2600
2591
2591
2588
2559
2552
2528
2521
2505
2502
2498
2487
2482
2479
2475
2475
2469
2460
2458
2454
2445
2433
2432
2425
2412
2401
2388
2368
2368
2362
2358
2348
2343
2342
2326
2323
2311
2310
2284
2249
2230
2216
2216
2211
2173
2148
2148
2128
2113
2111
2095
2062
2062
2058
2052
2050
2045
2041
2007
2006
2004
1960
1954
1950
1926
1921
1910
1905
1891
1887
1882
1877
1859
1834
1826
1811
1808
1801
1771
1768
1754
1743
1729
1712
1703
1694
1682
1674
1669
1659
1658
1657
1640
1638
1633
1633
1629
1628
1618
1603
1597
1587
1561
1553
1547
1534
1520
1493
1477
1475
1452
1450
1437
1430
1429
1421
1418
1415
1397
1393
1382
1382
1372
1371
1365
1358
1342
1321
1321
1305
1304
1295
1293
1292
1279
1259
1238
1238
1235
1210
1192
1160
1160
1155
1122
1120
1111
1108
1108
1090
1089
1073
1063
1055
1026
1025
1023
995
969
957
947
924
915
903
895
884
878
865
860
842
837
836
802
800
789
788
787
775
754
742
742
737
732
716
715
688
673
666
662
644
641
641
637
624
624
606
580
553
545
540
537
533
518
511
511
503
502
494
471
468
449
415
359
357
350
324
316
311
311
295
280
275
267
264
259
249
231
229
228
218
198
195
189
187
175
146
144
135
124
111
104
104
69
29
24
19
17