99990
99945
99942
99923
99902
99902
99901
99899
99898
99886
99883
99844
99840
99834
99824
99775
99769
99754
99740
99712
99670
99635
99598
99583
99558
99540
99533
99473
99458
99407
99377
99376
99355
99256
99251
99223
99207
99205
99190
99170
99163
99155
99151
99136
99125
99114
99095
99095
99094
99089
99084
99056
99020
99003
99003
98991
98967
98964
98953
98949
98940
98929
98919
98903
98893
98854
98838
98763
98752
98726
98721
98689
98678
98666
98666
98642
98619
98612
98601
98545
98514
98505
98463
98399
98345
98339
98332
98309
98291
98285
98278
98247
98230
98225
98201
98195
98184
98162
98159
98135
98122
98109
98109
98063
98055
98021
98021
97973
97970
97960
97952
97934
97918
97878
97848
97834
97829
97806
97805
97795
97771
97739
97701
97689
97679
97631
97484
97480
97458
97450
97427
97416
97409
97369
97356
97354
97331
97313
97312
97299
97267
97260
97258
97250
97199
97188
97109
97052
97045
97044
96975
96949
96930
96912
96876
96874
96828
96828
96790
96788
96781
96734
96694
96678
96675
96631
96626
96595
96590
96581
96579
96552
96488
96451
96427
96422
96421
96405
96387
96384
96374
96357
96354
96352
96301
96291
96286
96256
96233
96233
96213
96192
96143
96135
96132
96093
96064
96061
96032
96012
95963
95921
95916
95862
95843
95829
95826
95819
95773
95773
95750
95738
95737
95734
95719
95644
95640
95636
95613
95570
95558
95557
95535
95512
95488
95454
95447
95427
95422
95406
95405
95376
95292
95288
95265
95263
95220
95164
95128
95110
95109
95104
95103
95098
95047
94946
94894
94884
94883
94853
94846
94821
94802
94773
94757
94737
94636
94626
94607
94547
94542
94522
94473
94456
94451
94446
94375
94344
94342
94314
94291
94288
94286
94254
94237
94213
94202
94193
94192
94184
94177
94173
94167
94167
94158
94155
94102
94080
94059
94057
94040
94032
94029
94028
94010
93993
93914
93908
93905
93897
93892
93875
93867
93844
93832
93769
93766
93735
93730
93679
93633
93589
93582
93539
93537
93528
93512
93504
93489
93486
93471
93406
93350
93328
93294
93265
93233
93232
93227
93181
93084
93079
93033
93031
93007
93000
92983
92963
92961
92910
92902
92888
92863
92849
92837
92811
92759
92723
92686
92667
92655
92647
92617
92554
92542
92526
92511
92501
92495
92468
92446
92443
92426
92412
92412
92399
92396
92358
92328
92315
92307
92301
92291
92291
92282
92273
92254
92232
92198
92191
92191
92183
92149
92126
92084
92078
92068
92047
92043
92025
92023
92018
92015
91958
91953
91870
91865
91863
91845
91837
91837
91823
91787
91774
91736
91725
91714
91696
91679
91670
91636
91621
91598
91579
91576
91562
91517
91490
91346
91342
91322
91308
91295
91294
91279
91267
91259
91249
91248
91240
91236
91223
91216
91213
91207
91198
91175
91163
91139
91117
91045
91037
91026
91022
91019
91008
91003
90993
90990
90987
90982
90982
90939
90935
90909
90898
90895
90887
90885
90864
90762
90760
90745
90720
90687
90682
90678
90653
90644
90597
90569
90551
90550
90550
90529
90479
90422
90395
90364
90362
90316
90278
90260
90240
90239
90221
90172
90170
90160
90151
90129
90121
90112
90102
90090
90069
90069
90065
90029
90007
90000
89999
89974
89967
89964
89958
89957
89949
89941
89929
89923
89918
89913
89909
89903
89814
89791
89741
89734
89699
89695
89682
89667
89653
89584
89530
89504
89499
89498
89488
89484
89457
89416
89411
89385
89345
89326
89316
89291
89267
89235
89194
89090
88971
88971
88970
88970
88935
88909
88905
88892
88881
88839
88822
88807
88776
88761
88748
88738
88705
88689
88686
88671
88641
88627
88465
88438
88416
88411
88358
88289
88272
88272
88245
88219
88212
88191
88132
88126
88115
88066
88063
88037
88007
87984
87983
87954
87949
87946
87934
87928
87903
87896
87865
87859
87858
87856
87838
87826
87813
87809
87795
87794
87787
87763
87758
87748
87718
87707
87664
87655
87629
87559
87552
87519
87486
87478
87446
87445
87422
87394
87388
87377
87368
87368
87365
87359
87316
87285
87260
87257
87228
87225
87200
87193
87189
87184
87160
87145
87053
87015
86992
86974
86969
86935
86907
86882
86816
86814
86786
86779
86774
86749
86747
86747
86739
86718
86714
86699
86691
86681
86672
86662
86657
86649
86641
86637
86635
86625
86603
86596
86593
86571
86566
86564
86535
86533
86515
86506
86504
86457
86438
86430
86417
86387
86351
86330
86325
86293
86280
86250
86234
86218
86215
86196
86190
86188
86152
86146
86140
86109
86084
86081
86069
86034
86029
86010
86009
85947
85934
85862
85819
85805
85761
85723
85674
85612
85508
85497
85471
85451
85405
85388
85347
85292
85288
85266
85239
85224
85212
85204
85133
85061
85029
85023
85014
84930
84929
84898
84860
84856
84854
84806
84792
84764
84763
84744
84716
84702
84701
84698
84631
84549
84508
84473
84470
84440
84426
84379
84340
84332
84309
84245
84224
84213
84196
84165
84162
84154
84152
84148
84119
84118
84110
84107
84043
84035
84027
84000
83987
83965
83959
83924
83917
83910
83892
83804
83800
83790
83780
83662
83625
83620
83600
83597
83519
83515
83499
83491
83474
83451
83435
83432
83406
83373
83368
83343
83333
83300
83259
83231
83225
83169
83151
83141
83125
83106
83094
83089
83064
82951
82909
82868
82867
82864
82822
82764
82763
82753
82736
82688
82671
82648
82609
82607
82570
82567
82537
82531
82497
82492
82482
82477
82436
82423
82416
82407
82379
82379
82374
82344
82320
82320
82316
82285
82275
82268
82265
82256
82217
82148
82145
82125
82081
82076
82074
82055
82038
81960
81917
81891
81890
81887
81841
81837
81832
81818
81801
81797
81772
81766
81760
81739
81640
81631
81618
81605
81595
81591
81577
81557
81547
81535
81479
81458
81440
81436
81426
81402
81398
81340
81280
81269
81251
81237
81235
81196
81162
81125
81086
81086
81061
81026
80966
80954
80954
80936
80922
80906
80869
80863
80806
80806
80789
80778
80762
80742
80729
80714
80703
80694
80680
80672
80632
80603
80594
80584
80581
80559
80538
80533
80525
80517
80513
80502
80501
80481
80479
80459
80420
80377
80357
80295
80280
80234
80217
80202
80187
80137
80120
80118
80113
80105
80103
80093
80084
80071
80067
80055
80043
80036
80008
79948
79937
79931
79920
79893
79888
79882
79860
79840
79820
79803
79798
79751
79749
79701
79681
79681
79660
79650
79625
79611
79588
79570
79507
79499
79471
79443
79428
79345
79284
79261
79247
79241
79235
79229
79225
79210
79208
79186
79181
79177
79135
79114
79093
79086
79071
79062
79044
79009
78976
78950
78948
78946
78944
78889
78841
78811
78772
78761
78750
78740
78727
78725
78708
78706
78676
78660
78626
78610
78599
78591
78577
78576
78541
78475
78461
78445
78434
78422
78413
78412
78377
78371
78356
78351
78305
78287
78249
78246
78205
78183
78164
78112
78104
78086
78078
78045
78023
78012
78005
78004
77954
77935
77896
77895
77848
77838
77835
77814
77807
77791
77759
77756
77755
77751
77739
77728
77689
77631
77627
77604
77539
77515
77489
77476
77425
77414
77381
77378
77377
77315
77307
77282
77255
77221
77199
77194
77184
77171
77152
77143
77134
77119
77118
77092
77063
77017
77013
76995
76972
76968
76931
76823
76795
76785
76784
76767
76745
76741
76689
76670
76642
76579
76570
76547
76538
76436
76422
76400
76388
76364
76364
76356
76346
76346
76335
76322
76308
76303
76289
76282
76268
76258
76255
76186
76130
76121
76095
76045
76041
75994
75977
75963
75925
75923
75921
75882
75878
75860
75821
75802
75796
75781
75705
75693
75649
75635
75611
75611
75562
75532
75468
75452
75405
75404
75400
75340
75324
75316
75279
75273
75242
75231
75217
75187
75152
75127
75113
75072
75034
75028
75002
74978
74938
74861
74844
74804
74784
74766
74754
74726
74714
74707
74697
74663
74643
74637
74629
74628
74607
74601
74562
74528
74510
74507
74506
74505
74451
74429
74398
74398
74390
74347
74332
74319
74298
74292
74253
74248
74240
74209
74182
74182
74181
74147
74124
74095
74091
74086
74084
74082
74079
74024
74016
74010
73979
73977
73974
73952
73934
73885
73883
73863
73858
73846
73840
73840
73811
73807
73806
73754
73747
73721
73712
73687
73676
73641
73629
73628
73568
73557
73555
73548
73547
73544
73507
73503
73493
73492
73471
73436
73420
73416
73383
73376
73345
73336
73320
73317
73238
73226
73182
73175
73125
73113
73093
73058
73042
73036
73003
72976
72960
72945
72919
72915
72905
72905
72883
72870
72869
72864
72813
72805
72801
72785
72706
72600
72587
72586
72413
72406
72356
72307
72298
72282
72267
72251
72228
72223
72217
72217
72204
72187
72184
72142
72138
72110
72105
72090
72079
72064
72015
72007
72004
71995
71985
71985
71972
71950
71941
71921
71909
71887
71856
71852
71827
71821
71795
71757
71748
71731
71725
71697
71658
71651
71651
71598
71597
71596
71505
71490
71448
71430
71395
71374
71346
71307
71303
71301
71291
71280
71279
71274
71270
71257
71244
71228
71221
71165
71150
71145
71143
71133
71106
71105
71101
71060
71060
71042
71035
71029
70992
70971
70957
70953
70947
70946
70934
70907
70883
70876
70875
70859
70845
70843
70823
70663
70622
70596
70594
70556
70535
70506
70504
70494
70464
70459
70444
70439
70426
70423
70314
70284
70219
70204
70192
70187
70098
70096
70092
70059
70056
70021
70015
70012
69993
69978
69974
69968
69947
69945
69926
69923
69909
69906
69889
69875
69856
69849
69815
69768
69764
69756
69755
69691
69654
69651
69643
69642
69587
69580
69572
69560
69517
69500
69445
69442
69430
69416
69410
69402
69391
69342
69335
69318
69307
69299
69288
69286
69273
69232
69208
69205
69147
69104
69097
69097
69084
69073
69060
69057
69027
69020
69020
69019
68971
68948
68946
68944
68941
68899
68896
68886
68876
68871
68861
68847
68822
68778
68771
68764
68763
68713
68711
68706
68697
68686
68673
68621
68576
68566
68559
68539
68524
68517
68476
68422
68419
68419
68411
68406
68399
68393
68389
68370
68350
68328
68300
68286
68199
68126
68096
68086
68048
68035
68029
68018
68009
67954
67949
67902
67894
67829
67823
67804
67783
67744
67729
67722
67674
67631
67630
67626
67609
67596
67590
67585
67550
67537
67535
67527
67526
67467
67461
67417
67387
67383
67376
67332
67331
67307
67269
67222
67222
67201
67196
67196
67191
67191
67180
67179
67177
67173
67156
67134
67123
67115
67092
67088
67086
67081
67079
67079
67059
67041
67035
67010
67006
66999
66984
66971
66970
66939
66928
66898
66883
66864
66864
66828
66826
66824
66812
66807
66773
66740
66729
66688
66654
66602
66588
66568
66510
66473
66411
66338
66308
66289
66282
66277
66243
66238
66217
66217
66190
66171
66163
66152
66152
66086
66064
66035
66034
66017
65990
65977
65973
65958
65956
65934
65928
65917
65916
65881
65846
65834
65791
65776
65773
65724
65715
65677
65667
65632
65597
65589
65585
65555
65548
65542
65541
65521
65521
65519
65505
65497
65492
65484
65483
65452
65436
65393
65365
65356
65335
65330
65329
65308
65284
65262
65229
65229
65219
65215
65209
65202
65195
65188
65161
65099
65096
65072
65070
65063
65033
64995
64963
64897
64897
64888
64883
64791
64775
64747
64733
64701
64692
64676
64656
64646
64575
64518
64498
64486
64442
64429
64415
64394
64387
64381
64365
64350
64321
64314
64257
64215
64203
64194
64166
64148
64137
64135
64127
64108
64106
64081
64053
64006
63998
63989
63968
63953
63938
63933
63904
63872
63872
63870
63839
63809
63775
63775
63758
63711
63670
63660
63652
63626
63601
63583
63522
63462
63456
63441
63399
63394
63392
63371
63367
63345
63333
63321
63304
63297
63274
63257
63239
63210
63200
63177
63151
63149
63146
63128
63121
63098
63094
63075
63056
63050
63016
62986
62951
62929
62925
62885
62843
62801
62792
62788
62752
62725
62723
62700
62685
62655
62634
62618
62616
62609
62569
62554
62488
62471
62443
62438
62424
62418
62389
62386
62364
62350
62345
62345
62330
62321
62253
62207
62197
62190
62189
62174
62165
62158
62136
62105
62103
62053
62032
62030
62006
61993
61970
61945
61932
61932
61930
61927
61912
61910
61899
61857
61834
61826
61824
61814
61753
61748
61734
61724
61712
61712
61712
61709
61696
61681
61670
61668
61639
61633
61628
61618
61591
61573
61565
61564
61561
61536
61535
61530
61471
61467
61460
61435
61403
61401
61373
61297
61266
61205
61174
61148
61117
61065
61065
61062
61043
61034
60998
60950
60940
60932
60926
60872
60855
60847
60825
60822
60816
60795
60758
60735
60710
60694
60655
60647
60628
60625
60593
60593
60593
60583
60535
60530
60504
60475
60377
60371
60370
60319
60315
60296
60291
60273
60262
60251
60191
60167
60136
60118
60101
60092
60075
60068
60056
60019
60006
59991
59981
59976
59953
59944
59903
59880
59876
59859
59859
59856
59819
59813
59811
59801
59764
59733
59709
59694
59686
59684
59654
59638
59636
59634
59616
59614
59595
59575
59543
59531
59516
59499
59496
59413
59403
59397
59369
59352
59350
59349
59323
59311
59302
59295
59246
59238
59235
59211
59182
59171
59137
59097
59080
59064
59057
59018
59003
58972
58950
58929
58894
58866
58833
58821
58819
58798
58785
58706
58643
58639
58585
58581
58538
58438
58437
58436
58435
58430
58400
58388
58348
58336
58334
58333
58309
58267
58223
58203
58194
58176
58119
58099
58094
58077
58071
58068
58041
57992
57973
57970
57925
57923
57893
57870
57867
57867
57856
57832
57832
57763
57746
57695
57650
57637
57627
57608
57588
57562
57492
57474
57429
57420
57401
57399
57399
57347
57346
57344
57333
57322
57314
57290
57279
57241
57239
57189
57119
57111
57095
57042
56955
56953
56931
56927
56892
56857
56850
56835
56826
56813
56806
56709
56709
56698
56613
56603
56586
56576
56567
56551
56533
56526
56524
56480
56480
56461
56433
56398
56395
56371
56368
56359
56352
56311
56310
56275
56274
56255
56228
56225
56225
56216
56191
56168
56159
56155
56126
56106
56056
56043
56043
56041
56033
56029
56005
55936
55896
55871
55871
55864
55849
55799
55740
55699
55697
55664
55628
55610
55605
55594
55580
55578
55536
55520
55518
55490
55489
55487
55475
55465
55459
55444
55426
55397
55379
55365
55361
55356
55313
55297
55283
55264
55194
55192
55168
55109
55103
55012
55002
54933
54925
54925
54924
54920
54911
54894
54891
54881
54877
54865
54847
54808
54789
54785
54770
54722
54698
54659
54652
54629
54629
54616
54589
54549
54547
54547
54532
54526
54506
54466
54458
54457
54436
54414
54402
54375
54365
54354
54350
54336
54331
54321
54292
54280
54251
54224
54218
54208
54198
54187
54184
54172
54161
54133
54131
54108
54106
54078
54051
54045
53968
53952
53945
53932
53899
53898
53890
53829
53820
53813
53807
53803
53792
53772
53771
53767
53754
53742
53737
53723
53674
53672
53636
53618
53614
53530
53525
53517
53506
53488
53484
53481
53459
53450
53431
53419
53406
53382
53345
53342
53294
53245
53241
53205
53174
53154
53128
53090
53047
52972
52953
52939
52922
52908
52903
52896
52883
52880
52865
52863
52813
52806
52806
52789
52748
52732
52684
52649
52643
52642
52632
52600
52592
52561
52543
52539
52533
52489
52476
52454
52438
52431
52406
52401
52390
52383
52378
52357
52329
52311
52282
52267
52230
52217
52213
52204
52194
52137
52135
52133
52088
52086
51997
51957
51941
51888
51874
51831
51806
51805
51803
51800
51790
51767
51765
51764
51752
51750
51729
51681
51680
51678
51643
51627
51610
51601
51568
51553
51539
51522
51463
51449
51448
51439
51425
51363
51329
51271
51251
51250
51222
51221
51207
51199
51186
51174
51142
51135
51134
51079
51064
51056
51040
51017
50988
50965
50948
50944
50872
50860
50857
50844
50767
50767
50764
50741
50729
50723
50711
50632
50614
50602
50562
50557
50553
50549
50529
50525
50516
50504
50502
50496
50482
50462
50462
50453
50433
50418
50387
50343
50304
50301
50290
50276
50275
50257
50240
50196
50181
50157
50147
50114
50056
50044
50016
50009
49985
49904
49902
49891
49842
49835
49808
49748
49677
49641
49637
49630
49628
49624
49578
49578
49570
49554
49497
49488
49484
49474
49471
49441
49435
49432
49410
49403
49349
49286
49264
49263
49248
49209
49204
49196
49180
49179
49147
49116
49025
49016
49011
49000
48967
48957
48912
48858
48852
48742
48670
48664
48659
48646
48645
48636
48617
48609
48597
48597
48595
48591
48585
48548
48538
48531
48524
48517
48505
48496
48424
48415
48414
48351
48319
48279
48254
48247
48245
48210
48189
48114
48058
47980
47960
47947
47945
47943
47920
47897
47892
47881
47877
47851
47811
47772
47718
47715
47690
47655
47616
47614
47543
47519
47518
47510
47442
47440
47435
47424
47420
47411
47377
47374
47366
47365
47346
47335
47308
47306
47303
47268
47267
47256
47244
47242
47225
47216
47196
47195
47171
47128
47114
47107
47105
47095
47070
47046
47031
47007
47000
46989
46986
46976
46964
46945
46935
46870
46814
46780
46760
46703
46694
46644
46610
46590
46587
46559
46545
46512
46468
46453
46447
46422
46410
46393
46386
46307
46304
46294
46281
46276
46275
46275
46267
46257
46243
46240
46235
46212
46157
46153
46135
46125
46077
46061
46058
46031
46010
46006
45984
45977
45932
45919
45908
45883
45881
45873
45857
45855
45827
45783
45765
45745
45719
45695
45673
45649
45626
45622
45598
45597
45588
45567
45542
45533
45532
45524
45499
45496
45487
45485
45484
45476
45453
45449
45440
45425
45423
45379
45368
45364
45363
45347
45343
45327
45312
45300
45216
45179
45176
45167
45155
45150
45127
45081
45075
45056
45040
45037
45016
44982
44967
44937
44915
44864
44844
44809
44775
44771
44760
44729
44726
44724
44710
44706
44699
44697
44686
44660
44659
44654
44594
44581
44565
44565
44554
44520
44496
44485
44450
44448
44425
44417
44417
44397
44386
44386
44358
44339
44315
44283
44251
44243
44239
44219
44215
44209
44197
44188
44186
44173
44127
44100
44088
44080
44058
44046
44041
44010
44008
44005
43994
43969
43959
43943
43905
43897
43861
43840
43831
43830
43821
43813
43807
43799
43788
43777
43739
43734
43727
43720
43715
43691
43651
43624
43599
43588
43563
43554
43553
43546
43539
43537
43535
43453
43446
43442
43409
43392
43372
43365
43361
43329
43323
43318
43312
43279
43249
43248
43245
43209
43195
43193
43185
43184
43142
43109
43080
43077
43052
43048
43004
42986
42964
42947
42928
42926
42912
42900
42882
42869
42823
42816
42798
42763
42761
42752
42745
42739
42738
42729
42723
42720
42708
42651
42636
42633
42611
42572
42556
42529
42520
42508
42439
42413
42376
42335
42328
42264
42233
42201
42160
42140
42127
42125
42117
42116
42098
42044
42014
41921
41866
41849
41824
41813
41811
41791
41743
41723
41687
41670
41659
41650
41642
41638
41616
41585
41566
41561
41560
41516
41513
41512
41511
41486
41455
41429
41407
41345
41303
41258
41230
41220
41214
41206
41190
41172
41142
41142
41119
41097
41092
41089
41061
41041
41010
41004
40977
40976
40972
40955
40894
40841
40835
40817
40797
40779
40758
40756
40756
40692
40679
40668
40664
40634
40628
40605
40565
40544
40497
40486
40472
40324
40287
40282
40271
40267
40177
40164
40160
40151
40121
40104
40080
40078
40077
40015
40007
39983
39945
39941
39904
39886
39882
39870
39846
39834
39820
39771
39703
39667
39658
39653
39638
39637
39632
39606
39570
39565
39542
39504
39458
39454
39441
39439
39434
39414
39388
39379
39371
39366
39360
39335
39317
39307
39300
39293
39289
39259
39240
39230
39227
39219
39192
39152
39124
39117
39117
39112
39082
39073
39068
39041
38986
38986
38983
38954
38910
38903
38889
38856
38853
38842
38839
38813
38781
38778
38750
38728
38713
38699
38691
38680
38558
38552
38519
38490
38467
38461
38400
38354
38345
38343
38339
38325
38260
38245
38218
38171
38137
38125
38036
38036
37997
37983
37980
37973
37971
37924
37907
37868
37804
37786
37772
37766
37756
37754
37751
37733
37713
37694
37694
37609
37598
37581
37576
37571
37548
37517
37516
37500
37499
37472
37445
37432
37374
37372
37351
37329
37304
37266
37258
37251
37240
37225
37221
37217
37131
37108
37094
37079
37013
36958
36956
36955
36907
36903
36895
36880
36848
36824
36798
36766
36753
36752
36752
36721
36624
36609
36604
36596
36584
36581
36576
36549
36481
36472
36413
36385
36379
36365
36331
36306
36303
36250
36234
36234
36228
36217
36215
36213
36185
36177
36157
36151
36110
36103
36082
36080
36042
35993
35991
35979
35979
35950
35900
35897
35893
35871
35856
35841
35835
35832
35819
35716
35701
35689
35679
35656
35649
35640
35621
35611
35588
35583
35581
35572
35572
35571
35544
35521
35482
35441
35438
35331
35317
35316
35311
35281
35277
35233
35181
35163
35125
35098
35091
35060
35058
35040
35017
35000
34929
34913
34880
34809
34790
34778
34754
34678
34677
34668
34656
34647
34578
34569
34563
34510
34461
34455
34402
34390
34343
34296
34288
34272
34264
34254
34240
34238
34128
34119
34085
34045
34039
34028
34000
33995
33950
33913
33910
33889
33875
33860
33853
33853
33846
33828
33739
33737
33736
33729
33727
33699
33693
33652
33639
33633
33622
33597
33574
33497
33491
33461
33442
33440
33414
33404
33401
33368
33367
33342
33332
33281
33280
33219
33207
33200
33198
33160
33145
33143
33106
33095
33022
32973
32917
32863
32855
32847
32831
32817
32816
32811
32773
32768
32732
32707
32642
32603
32571
32553
32530
32510
32500
32467
32418
32362
32362
32358
32319
32296
32294
32288
32284
32266
32255
32248
32242
32163
32155
32129
32125
32106
32094
32076
32072
32048
32042
32000
31931
31921
31897
31879
31860
31826
31819
31778
31757
31737
31730
31723
31712
31705
31697
31635
31578
31562
31542
31531
31513
31500
31455
31424
31418
31406
31401
31385
31358
31347
31344
31337
31336
31274
31250
31250
31239
31213
31205
31194
31192
31175
31166
31165
31162
31161
31138
31096
31034
31033
30999
30975
30975
30960
30958
30936
30929
30911
30877
30871
30808
30778
30776
30762
30745
30729
30720
30714
30705
30672
30661
30643
30640
30592
30561
30543
30519
30491
30487
30465
30463
30454
30445
30444
30420
30416
30404
30327
30308
30290
30277
30246
30238
30225
30225
30216
30206
30186
30173
30154
30144
30119
30101
30043
30040
30013
30008
29988
29970
29967
29961
29871
29866
29852
29813
29801
29790
29775
29768
29752
29734
29723
29694
29691
29691
29678
29676
29648
29623
29613
29598
29569
29554
29541
29519
29491
29485
29480
29477
29471
29465
29442
29437
29405
29386
29340
29338
29320
29269
29265
29244
29221
29218
29177
29134
29132
29122
29109
29100
29090
29075
29060
29048
29002
28987
28985
28949
28941
28926
28926
28917
28872
28848
28821
28816
28791
28777
28751
28726
28725
28706
28700
28617
28613
28608
28607
28565
28549
28546
28537
28532
28513
28512
28500
28478
28440
28433
28430
28391
28380
28374
28353
28340
28307
28303
28287
28276
28259
28240
28236
28205
28146
28131
28124
28124
28117
28058
28047
28042
28002
27967
27924
27916
27906
27819
27807
27800
27794
27793
27774
27737
27711
27709
27653
27640
27631
27610
27570
27546
27502
27473
27457
27453
27422
27417
27404
27383
27326
27304
27301
27275
27255
27212
27210
27205
27184
27175
27152
27151
27145
27143
27135
27048
27047
27042
27036
27034
27027
26988
26987
26942
26933
26923
26902
26887
26885
26865
26859
26834
26832
26811
26805
26759
26727
26628
26614
26573
26504
26480
26475
26471
26464
26461
26461
26458
26450
26391
26372
26371
26363
26332
26307
26307
26279
26243
26243
26242
26225
26203
26198
26195
26187
26184
26174
26165
26073
26069
26043
26025
25981
25970
25926
25902
25896
25841
25830
25811
25800
25785
25747
25747
25743
25711
25688
25674
25667
25630
25626
25619
25609
25603
25574
25525
25470
25424
25375
25367
25361
25358
25351
25333
25313
25303
25297
25295
25285
25252
25245
25233
25220
25204
25199
25176
25175
25175
25125
25121
25119
25109
25105
25104
25098
25091
25088
25067
25051
25050
24897
24874
24872
24784
24775
24765
24748
24728
24706
24694
24667
24658
24654
24647
24641
24620
24570
24544
24537
24497
24481
24458
24454
24449
24420
24408
24393
24392
24379
24319
24169
24167
24144
24070
24048
24048
24045
24041
24024
24018
23973
23957
23946
23944
23940
23919
23884
23862
23861
23847
23831
23806
23804
23801
23788
23787
23772
23767
23749
23746
23736
23716
23710
23702
23683
23679
23657
23624
23621
23611
23574
23561
23541
23540
23533
23530
23529
23525
23525
23454
23450
23414
23414
23414
23361
23346
23334
23285
23269
23256
23234
23219
23172
23092
23078
23025
23010
22958
22921
22919
22916
22857
22748
22693
22665
22662
22640
22640
22623
22604
22584
22582
22550
22522
22512
22483
22468
22434
22430
22411
22407
22404
22403
22399
22391
22378
22351
22349
22343
22341
22335
22333
22320
22306
22260
22234
22225
22167
22124
22061
22042
22014
22004
22002
21993
21980
21951
21897
21892
21833
21818
21817
21814
21802
21782
21747
21731
21726
21671
21659
21655
21652
21631
21602
21593
21580
21523
21487
21485
21392
21378
21339
21328
21309
21306
21294
21208
21194
21189
21173
21163
21150
21085
21082
21080
21018
20990
20980
20975
20962
20919
20911
20893
20863
20855
20833
20827
20761
20736
20686
20678
20670
20647
20645
20632
20599
20595
20570
20564
20546
20542
20527
20517
20483
20482
20460
20458
20397
20360
20340
20316
20300
20299
20287
20276
20256
20254
20252
20223
20177
20132
20128
20118
20075
20037
20036
19987
19968
19934
19931
19887
19883
19877
19838
19832
19818
19798
19763
19744
19738
19728
19659
19587
19541
19527
19522
19503
19502
19494
19484
19441
19431
19398
19394
19391
19356
19292
19283
19276
19272
19248
19247
19243
19226
19213
19200
19171
19171
19158
19148
19147
19126
19121
19114
19059
19051
18980
18967
18942
18938
18928
18906
18905
18869
18867
18846
18831
18825
18817
18757
18737
18693
18648
18645
18640
18639
18635
18628
18615
18574
18547
18503
18462
18414
18392
18366
18358
18348
18339
18338
18306
18288
18281
18263
18259
18230
18198
18195
18151
18145
18131
18099
18090
18089
18082
18076
18076
18042
17964
17952
17951
17928
17928
17914
17899
17842
17794
17726
17667
17617
17612
17609
17599
17552
17534
17529
17523
17498
17482
17480
17467
17450
17420
17381
17380
17355
17352
17337
17320
17317
17312
17293
17280
17258
17234
17219
17187
17167
17162
17126
17120
17109
17105
17103
17055
17036
17027
17020
17007
17000
16979
16962
16937
16888
16865
16859
16850
16845
16804
16775
16757
16734
16729
16663
16658
16594
16585
16562
16555
16553
16549
16542
16536
16522
16501
16476
16408
16394
16363
16362
16325
16208
16208
16177
16176
16174
16119
16117
16112
16110
16100
16097
16032
16002
15993
15989
15981
15974
15953
15939
15878
15855
15834
15804
15791
15781
15776
15774
15768
15756
15750
15746
15711
15634
15618
15615
15612
15604
15603
15581
15559
15548
15481
15481
15456
15434
15409
15408
15402
15344
15335
15312
15295
15272
15256
15249
15241
15234
15233
15170
15155
15140
15132
15125
15115
15071
15067
15044
15034
15034
14991
14940
14903
14891
14889
14860
14818
14815
14784
14779
14776
14766
14766
14762
14762
14761
14760
14726
14722
14691
14676
14655
14655
14653
14635
14629
14627
14604
14599
14593
14579
14569
14567
14524
14508
14507
14502
14475
14469
14462
14438
14431
14406
14341
14326
14322
14294
14244
14222
14220
14203
14180
14174
14164
14157
14143
14136
14131
14121
14109
14108
14095
14056
14004
13981
13978
13978
13966
13966
13962
13958
13931
13924
13891
13840
13778
13773
13757
13751
13712
13689
13686
13627
13620
13586
13570
13568
13559
13518
13514
13474
13462
13455
13423
13405
13398
13397
13384
13383
13366
13363
13356
13307
13293
13252
13251
13227
13225
13218
13204
13196
13193
13167
13083
13082
13078
13059
13056
13020
12968
12925
12827
12813
12812
12776
12762
12718
12679
12662
12634
12625
12622
12597
12570
12531
12489
12445
12430
12408
12404
12366
12352
12322
12320
12315
12307
12239
12218
12174
12170
12130
12050
12050
12036
11971
11945
11942
11913
11912
11893
11880
11877
11809
11768
11721
11714
11708
11702
11691
11689
11671
11644
11618
11592
11563
11554
11538
11527
11497
11480
11458
11435
11380
11307
11273
11237
11223
11183
11177
11163
11071
11047
11036
11012
11002
10993
10978
10977
10971
10965
10960
10929
10922
10907
10900
10884
10876
10874
10874
10849
10829
10824
10813
10771
10751
10744
10727
10681
10643
10625
10612
10594
10582
10578
10552
10547
10545
10482
10471
10433
10401
10393
10382
10376
10335
10316
10286
10283
10269
10258
10244
10223
10161
10154
10146
10135
10111
10108
10098
10083
10082
10073
10035
10034
10017
10010
9915
9911
9905
9900
9885
9882
9853
9822
9798
9785
9753
9738
9715
9705
9690
9665
9663
9658
9645
9621
9620
9610
9594
9593
9576
9572
9566
9562
9517
9499
9488
9469
9466
9454
9436
9422
9409
9401
9392
9358
9351
9343
9339
9332
9331
9316
9285
9275
9268
9265
9229
9226
9201
9197
9180
9161
9153
9003
8994
8983
8983
8982
8964
8954
8922
8891
8889
8857
8839
8834
8824
8817
8808
8786
8786
8770
8767
8711
8696
8681
8653
8642
8614
8603
8587
8567
8554
8551
8526
8467
8447
8446
8445
8440
8437
8423
8421
8407
8390
8371
8364
8350
8346
8294
8275
8255
8253
8193
8187
8176
8161
8150
8145
8086
8085
8081
8069
8057
8015
8005
7981
7974
7964
7935
7931
7928
7908
7904
7899
7896
7895
7887
7884
7860
7836
7834
7832
7802
7799
7794
7792
7782
7758
7727
7723
7709
7685
7676
7665
7574
7528
7528
7507
7505
7476
7423
7410
7409
7362
7356
7341
7284
7277
7252
7231
7189
7162
7141
7113
7093
7044
7034
7014
7013
7008
6984
6977
6972
6969
6953
6938
6895
6870
6809
6804
6760
6716
6702
6663
6634
6598
6593
6587
6567
6565
6477
6467
6459
6459
6431
6420
6419
6387
6355
6354
6324
6317
6314
6313
6299
6297
6281
6255
6199
6176
6163
6161
6157
6107
6093
6072
6052
6043
6034
6019
5985
5980
5980
5979
5973
5899
5865
5846
5827
5822
5819
5795
5781
5748
5680
5675
5626
5609
5592
5566
5562
5560
5536
5502
5440
5436
5416
5384
5362
5355
5321
5276
5272
5269
5258
5244
5213
5203
5202
5192
5138
5126
5125
5107
5098
5072
5035
5029
5027
5005
5003
4975
4959
4955
4942
4934
4920
4910
4903
4888
4884
4823
4809
4769
4759
4747
4746
4707
4707
4693
4673
4670
4669
4644
4606
4599
4582
4581
4468
4457
4437
4416
4407
4403
4402
4370
4349
4345
4329
4313
4297
4283
4227
4209
4201
4174
4163
4162
4160
4147
4133
4131
4064
4019
4008
3978
3974
3972
3948
3918
3871
3829
3806
3789
3781
3758
3726
3686
3669
3618
3606
3545
3540
3495
3448
3444
3419
3415
3301
3291
3260
3246
3244
3244
3238
3220
3193
3188
3187
3185
3174
3139
3125
3076
3009
2999
2974
2964
2952
2947
2939
2916
2909
2873
2860
2858
2824
2821
2798
2750
2720
2717
2652
2637
2586
2581
2573
2534
2516
2501
2499
2490
2482
2416
2399
2382
2354
2330
2276
2276
2276
2258
2250
2171
2165
2161
2125
2118
2045
1999
1984
1983
1933
1907
1885
1875
1841
1827
1809
1798
1798
1765
1726
1662
1660
1617
1615
1589
1587
1548
1545
1444
1421
1420
1329
1309
1290
1257
1241
1211
1202
1145
1140
1097
1014
986
985
978
968
957
943
923
908
891
876
864
861
855
818
810
805
762
712
708
705
699
664
655
651
630
620
561
548
534
534
497
487
449
447
440
378
328
270
268
265
232
224
224
172
91
90
89
78
67
31
17
6