220
282
403
458
464
578
649
870
904
940
946
1121
1293
1433
1557
1739
1948
2076
2092
2135
2419
2463
2556
2615
2665
2781
3011
3037
3044
3108
3373
3529
3640
3705
3740
3941
4046
4056
4317
4391
4400
4556
4787
4894
4917
4962
5393
5592
5694
5784
5806
5876
5978
6132
6248
6303
6352
6413
6415
6450
6591
6647
6746
6824
6855
6981
7217
7412
7846
7999
8119
8169
8322
8394
8625
8710
8809
8923
8991
9086
9365
9460
9546
9863
9892
9894
10038
10077
10178
10260
10274
10412
10433
10443
10631
10716
10819
10853
11009
11015
11283
11304
11320
11345
11428
11490
11665
11689
11725
11761
11877
12044
12145
12157
12204
12352
12390
12598
12841
12858
12899
13012
13119
13151
13171
13314
13681
14065
14162
14232
14331
14390
14393
14621
14766
14951
15139
15145
15278
15286
15351
15373
15400
15536
15628
15777
15832
15951
16094
16231
16310
16320
16332
16398
16592
16625
16742
16775
17167
17205
17219
17242
17255
17256
17289
17307
17470
17583
17597
17634
17693
17712
17753
17773
17928
18138
18291
18392
18552
18631
18717
18843
18960
18997
19167
19205
19252
19260
19354
19608
19798
19864
19902
19991
20206
20380
20381
20520
20527
20872
20976
21061
21187
21214
21471
21500
21649
21689
21701
21703
21773
21837
21844
21846
21877
21964
21988
22006
22195
22289
22608
22682
22725
22732
23004
23104
23137
23181
23412
23498
23670
23803
23907
24057
24248
24249
24261
24327
24508
24666
24771
24776
24926
24967
25049
25141
25150
25337
25369
25435
25515
25542
25577
25600
25660
25714
25808
25869
25881
25886
25965
26040
26110
26276
26281
26390
26453
26505
26864
27289
27551
27714
27929
28143
28283
28346
28374
28410
28502
28508
28514
28596
28664
28722
29172
29575
29821
29908
30111
30114
30344
30386
30755
30880
30952
31085
31213
31214
31295
31429
31475
31605
31717
31941
31970
31999
32026
32045
32075
32247
32271
32315
32502
32506
32568
32581
32731
32792
32875
32901
32920
32950
32961
32973
33134
33176
33240
33396
33499
33508
33768
34320
34655
34783
34924
34948
35202
35420
35492
35519
35570
35572
35576
35595
35676
35686
36091
36174
36229
36420
36645
36701
36854
36905
36929
36986
36993
37021
37221
37324
37340
37360
37405
37452
37515
37587
37688
37701
37964
38116
38241
38345
38376
38397
38407
38586
38654
38670
38768
38893
39070
39211
39244
39300
39424
39648
39693
39731
39847
40135
40205
40214
40347
40453
40543
40605
40679
40791
40830
41250
41280
41635
41655
41686
41973
42086
42141
42362
42370
42669
42730
42879
42960
43005
43114
43120
43175
43177
43304
43487
43682
43712
43765
43773
44076
44098
44136
44191
44585
44594
44786
44817
44906
45114
45159
45769
46159
46297
46379
46411
46462
46702
46766
46833
47030
47170
47223
47636
47850
47868
47903
48215
48401
48402
48458
48490
48579
48588
48756
49086
49137
49376
49583
49677
49725
49834
50076
50079
50264
50427
50449
50460
50463
50714
50752
50792
50834
50887
50972
51149
51219
51300
51561
51737
52164
52515
52749
52858
53232
53288
53341
53408
53609
53719
54137
54299
54301
54435
54451
54488
54523
54699
54741
54857
54875
55096
55252
55318
55427
55434
55515
55580
56207
56242
56540
56700
56865
56867
56980
57039
57102
57373
57448
57458
57621
57657
57689
57739
57912
57918
57952
58062
58080
58338
58581
58637
58704
58814
58974
59010
59019
59020
59145
59190
59209
59243
59378
59530
59542
59548
59566
59894
59902
60034
60063
60234
60419
60514
60544
60615
60669
60712
60882
60892
60990
61081
61082
61131
61495
61575
61663
61695
61708
61724
61745
61789
61803
61861
61990
62024
62120
62334
62438
62607
62796
62797
62923
63070
63073
63085
63379
63483
63643
63646
63649
63761
63821
63977
64113
64161
64229
64251
64302
64395
64398
64410
64416
64533
64661
64838
65019
65417
65556
65604
65674
65782
65857
65984
66032
66110
66207
66286
66338
66373
66404
66411
66578
66736
66890
67039
67040
67150
67252
67373
67460
67615
67701
67707
67892
67944
67970
67999
68148
68213
68276
68482
68565
68702
68928
69050
69063
69130
69170
69226
69262
69337
69389
69399
69642
69720
69726
69785
69896
69990
70168
70209
70323
70415
70474
70821
70841
71029
71074
71178
71244
71415
71484
71601
71612
71643
72029
72097
72191
72268
72300
72558
72624
72843
73107
73120
73123
73236
73338
73655
73937
74054
74056
74139
74144
74165
74178
74196
74447
74458
74730
74878
74976
75242
75296
75376
75406
75426
75471
75520
75575
75586
75631
75650
75664
75767
75859
75873
75965
76302
76419
76486
76729
76768
76868
77055
77305
77381
77383
77386
77443
77453
77456
77461
77631
77635
77657
77683
77700
77720
77726
77937
78032
78077
78168
78220
78232
78336
78444
78502
78527
78560
78592
78739
78816
78950
79000
79183
79273
79360
79426
79460
79533
79556
79606
79766
79767
79962
80051
80077
80100
80104
80135
80201
80300
80332
80399
80421
80481
80518
80556
80566
80664
80685
80860
81063
81164
81218
81286
81332
81395
81403
81598
81737
81848
82327
82599
82733
83257
83335
83484
83508
83583
83679
83718
83881
83988
84041
84177
84239
84284
84462
84638
84673
84683
84704
84743
84890
85079
85247
85317
85377
85427
85448
85595
85613
85624
85642
85756
85808
85940
86208
86485
86502
86933
86988
87050
87153
87172
87197
87332
87492
87525
87573
87579
87943
88053
88076
88095
88425
88490
88766
88831
89114
89137
89165
89215
89262
89333
89354
89435
89479
89652
89797
89854
90075
90252
90320
90844
90913
91080
91135
91435
91531
91557
91561
91601
91680
91840
91981
92022
92107
92116
92159
92204
92224
92266
92281
92289
92310
92556
92928
93166
93221
93399
93407
93524
93545
93617
93843
93973
94014
94044
94079
94112
94137
94261
94285
94334
94358
94450
94463
94499
94505
94582
94610
94720
94936
94992
95044
95052
95108
95139
95165
95284
95372
95385
95451
95467
95492
95493
95644
96115
96495
96608
96627
96987
97016
97222
97325
97665
97704
97769
97834
97896
98147
98199
98302
98535
98590
98695
98700
99170
99207
99383
99464
99585
99798
99846
99881
100129
100229
100234
100330
100418
100427
100542
100559
100612
100651
100787
100862
101010
101033
101044
101109
101165
101197
101223
101257
101340
101378
101424
101459
101505
101534
101920
101966
102007
102054
102072
102234
102372
102435
102563
102703
102825
102894
102927
103103
103182
103285
103338
103794
104177
104185
104442
104586
104665
104767
104809
104877
104914
105140
105357
105422
105580
105611
105721
105923
105943
106052
106056
106147
106264
106350
106370
106577
106624
106817
106843
106877
106916
107281
107366
107460
107503
107673
107756
107788
107801
107902
108150
108256
108357
108383
108389
108432
108585
108598
108726
108781
108861
108898
108972
109299
109493
109599
109837
110010
110099
110198
110222
110332
110481
110548
110583
110586
110630
110703
110853
110874
111192
111288
111494
111570
111662
111744
111745
111808
111866
111896
111955
111964
112112
112236
112299
112481
112502
112576
112637
112729
112848
112850
112853
112862
113573
113905
113982
113984
114054
114127
114286
114443
114464
114573
114619
114635
114645
114705
114716
114741
114802
115081
115156
115300
115400
115422
115573
115603
115641
115698
115722
115927
116032
116159
116339
116434
116439
116635
116694
116718
116948
117113
117202
117236
117339
117391
117567
117679
117712
117785
117887
117947
117998
118075
118085
118201
118279
118450
119114
119214
119341
119343
119376
119385
119396
119401
119409
119463
119472
119508
119739
119801
119909
120038
120090
120116
120265
120266
120268
120282
120363
120456
120509
120514
120529
120674
120830
120848
121512
121618
121755
121866
121943
122091
122157
122315
122340
122491
122581
122712
122785
122789
122829
122930
122938
122977
123023
123036
123334
123419
123584
123687
123700
123797
123812
123825
124116
124155
124224
124280
124417
124505
124522
124786
124834
124885
125110
125114
125258
125280
125431
125626
125674
125787
125982
125985
126078
126180
126275
126387
126514
126601
126661
126755
126900
126902
127038
127115
127121
127396
127423
127536
127577
127584
127594
127605
127649
127685
127910
127934
127945
127991
127992
128195
128245
128601
128776
128793
128827
128843
128909
129031
129143
129149
129232
129235
129351
129454
129460
129508
129539
129658
129673
129747
129981
130015
130096
130289
130393
130558
130568
130605
130615
130713
130727
130977
131020
131217
131417
131573
131645
131771
131816
132025
132049
132086
132104
132177
132186
132211
132336
132550
132682
132747
132809
132886
133025
133060
133067
133220
133399
133494
133634
133648
133672
133689
133874
134032
134096
134169
134238
134303
134316
134360
134363
134670
134716
134948
135060
135108
135113
135233
135492
135532
135827
135937
135955
136213
136300
136361
136362
136453
136557
136562
136864
137365
137529
137600
137619
137734
137751
137758
137793
137906
138034
138154
138187
138341
138522
138578
138666
138686
138802
138830
138849
139030
139246
139339
139347
139478
139564
139614
139691
139736
139837
140004
140513
140521
140543
140551
140694
140797
140956
141134
141139
141158
141159
141317
141478
141849
141993
141997
142017
142043
142112
142120
142278
142318
142472
142496
142568
142615
142687
142858
143012
143020
143197
143220
143371
143462
143465
143472
143492
143514
143525
143625
143708
143838
144103
144126
144476
144590
144663
144700
144719
144724
144808
144879
144884
145204
145216
145223
145226
145431
145478
145491
145585
145634
145941
146018
146028
146218
146300
146334
146651
146660
146673
147074
147085
147105
147142
147188
147211
147268
147283
147284
147559
147689
147690
147793
147984
148104
148112
148119
148184
148238
148249
148600
148607
148662
148817
149001
149156
149249
149432
149543
149673
149775
149878
149891
150033
150358
150360
150765
151068
151098
151213
151444
151490
151692
151788
151951
151975
152151
152176
152414
152456
152470
152536
152570
152600
152625
153055
153100
153117
153202
153265
153444
153532
153594
153764
153835
154046
154105
154278
154281
154294
154330
154346
154406
154659
154707
154830
154911
154930
155050
155222
155224
155250
155273
155340
155516
155703
155917
155967
156007
156094
156161
156202
156255
156623
156810
156994
157089
157091
157566
157607
157724
157760
157897
158188
158610
158734
158828
159047
159075
159092
159250
159381
159586
159622
159768
159803
159848
160163
160181
160375
160580
160756
160817
161040
161131
161804
161876
161945
161976
161998
162022
162235
162273
162565
162608
162737
162777
162891
162946
162973
163146
163149
163269
163310
163329
163515
163633
163693
163801
163832
163882
163926
164291
164432
164528
164692
164730
164807
164824
164924
165294
165410
165496
165652
165683
165786
166031
166259
166374
166455
166496
166539
166632
166637
166956
166993
167317
167336
167817
167911
168231
168235
168280
168384
168538
168677
168795
169020
169080
169131
169137
169157
169347
169455
169656
169673
169677
169739
169910
169915
169975
170033
170054
170069
170086
170128
170162
170259
170267
170291
170437
170564
170945
171027
171044
171150
171524
171536
171653
171694
171972
172189
172381
172466
172757
172809
172987
173073
173113
173132
173188
173299
173305
173341
173434
173621
173660
173671
173988
174014
174066
174074
174179
174452
174474
174529
174567
174574
174718
174836
174955
175128
175134
175241
175271
175348
175426
175459
175460
175632
175633
175713
175910
175997
176325
176347
176499
176643
176754
176918
177156
177331
177391
177400
177408
177412
177451
177468
177578
177740
177994
178217
178273
178289
178299
178415
178444
178488
178585
178772
178995
179029
179058
179205
179279
179324
179383
179404
179433
179577
179662
179716
179756
179833
179974
180078
180141
180188
180291
180332
180387
180497
180522
180664
180720
180743
180813
180958
180990
181089
181176
181267
181344
181347
181428
181499
181568
181600
181639
181815
181997
182167
182245
182282
182468
182587
182745
182871
182874
182877
183001
183064
183121
183139
183242
183250
183370
183377
183743
183805
184051
184373
184451
184477
184672
184756
184779
184782
184829
184924
184984
184991
185105
185106
185451
185791
185797
185922
186098
186201
186261
186311
186391
186436
186559
186777
186842
186890
186919
187203
187272
187382
187418
187536
187595
187599
187750
188083
188177
188296
188488
188578
188582
188594
188807
188837
188916
189050
189076
189109
189124
189266
189371
189382
189463
189613
189682
189796
189860
189928
189962
189983
189984
190161
190371
190538
190563
190583
191007
191134
191240
191309
191548
191619
191997
192174
192262
192276
192350
192679
192718
192939
192989
193019
193196
193231
193252
193300
193306
193347
193526
193527
193557
193586
193596
193608
193647
193654
193656
193658
193679
193712
193782
193887
193946
193984
194198
194303
194679
194707
194753
195074
195133
195315
195631
195716
195769
195770
195891
195987
196107
196272
196292
196326
196420
196488
196536
196705
196779
196835
196919
196980
197185
197206
197259
197436
197568
197624
197650
197704
197708
197866
197904
197933
198013
198044
198100
198205
198206
198228
198270
198329
198394
198417
198623
198681
199140
199243
199255
199375
199470
199517
199666
199771
199910
199943
200113
200234
200374
200437
200554
200589
200680
200728
200826
200849
200899
200901
200987
201020
201024
201073
201099
201118
201128
201194
201640
201692
201831
201902
201990
202000
202078
202106
202262
202349
202359
202415
202498
202557
202956
203276
203449
203515
203546
203585
203614
203651
203803
203817
204270
204322
204348
204586
204698
204708
204737
204767
204800
204860
204868
204878
205193
205215
205263
205393
205412
205549
205837
206160
206213
206308
206344
206516
206782
206859
206923
206928
207000
207090
207136
207234
207345
207376
207799
207919
207989
208179
208222
208230
208363
208370
208381
208433
208446
208491
208787
208896
208917
208967
209120
209337
209716
209842
209908
210212
210252
210305
210426
210494
210615
210838
210969
211276
211277
211316
211380
211568
212110
212131
212680
212742
212792
212876
212893
212950
213346
213378
213436
213512
213558
213572
213606
213675
213789
213902
213936
214035
214079
214084
214200
214324
214504
214612
214673
214961
215024
215324
215343
215423
215447
215519
215549
215575
215643
215744
215898
216018
216141
216318
216349
216483
216523
216543
216627
216629
216984
217045
217310
217312
217362
217600
217736
217750
217817
217870
218179
218453
218497
218515
218589
218712
218813
218877
218955
219024
219029
219090
219106
219203
219265
219455
219463
219579
219615
219622
219871
219986
220089
220446
220500
220607
220610
220800
220823
220945
220991
221067
221112
221369
221379
221562
221634
221810
221850
221866
221882
222000
222034
222170
222221
222271
222367
222503
222812
222945
223074
223082
223084
223114
223144
223188
223207
223225
223506
223561
223678
223692
223715
223781
223840
223932
224028
224077
224133
224139
224246
224249
224569
224652
224686
224734
224743
224776
224835
224883
224907
225078
225117
225127
225263
225323
225367
225369
225420
225506
225513
225638
225655
225674
225761
226036
226193
226225
226280
226598
226634
226776
226880
226908
227100
227116
227192
227532
228209
228380
228476
228478
228629
228637
228689
229060
229070
229233
229257
229347
229460
229663
229723
229828
229858
230103
230156
230332
230357
230746
230833
230885
230943
231021
231046
231178
231302
231412
231583
231957
232005
232068
232081
232165
232262
232334
232401
232513
232532
232579
232645
232682
232823
232919
232990
233293
233321
233417
233418
233424
233436
233546
233587
233636
233663
233712
233776
233791
233848
233882
233894
234079
234134
234289
234313
234391
234396
234571
234949
235120
235178
235336
235362
235422
236095
236200
236222
236280
236451
236588
236630
236709
236833
236836
236859
236978
237114
237138
237176
237364
237402
237634
237646
237858
237873
238059
238178
238185
238219
238241
238305
238563
238786
239024
239051
239103
239191
239260
239695
239715
239781
239805
239975
239979
240084
240178
240399
240404
240551
240907
241015
241098
241588
241636
241698
241710
241885
241958
241985
242221
242348
242795
242814
243013
243043
243194
243209
243272
243313
243345
243482
243855
243860
243904
243955
243967
244097
244191
244354
244376
244404
244616
244644
244739
244816
244881
244999
245196
245255
245473
245504
245551
245598
245716
245794
245899
246129
246262
246264
246296
246305
246332
246407
246587
246716
246975
247072
247214
247285
247411
247423
247428
247495
247559
247602
247622
247666
247736
248015
248038
248042
248054
248156
248339
248395
248494
248552
248557
248603
249343
249403
249412
249555
249653
249660
249769
249934
249961
250068
250086
250131
250289
250384
250466
250565
250647
251115
251261
251313
251469
251481
251507
251712
251734
251765
252043
252235
252252
252318
252467
252512
252547
252645
252984
253067
253075
253257
253937
254080
254178
254296
254445
254576
254768
254951
254966
255432
255496
255572
255810
255818
255838
256030
256395
256642
257046
257085
257177
257226
257350
257690
257733
257787
257805
258009
258093
258255
258258
258412
258547
258586
258744
259065
259171
259391
259574
259617
259746
259796
259923
259975
260041
260062
260160
260245
260255
260257
260267
260272
260332
260437
260542
260560
260707
260840
260991
261056
261192
261220
261284
261331
261580
261935
261970
262355
262665
262755
262775
262788
262879
262889
262959
262966
263090
263168
263323
263335
263416
263441
263694
263763
263835
263861
263865
264184
264207
264220
264301
264401
264520
264582
264847
264866
264905
264943
265065
265146
265148
265323
265659
265735
265756
265822
265961
265984
266092
266140
266298
266346
266490
266604
266620
266915
266936
267049
267052
267354
267401
267404
267542
268060
268183
268264
268301
268364
268448
268626
268739
268795
269038
269302
269424
269487
269498
269549
269574
269671
269768
269785
269839
269862
269936
269955
269980
269997
270100
270176
270240
270242
270262
270268
270318
270400
270461
270711
270743
270760
270896
271007
271036
271056
271064
271287
271299
271406
271454
271467
271558
271583
271608
271696
271731
271858
271893
271965
271967
272192
272232
272276
272312
272388
272484
272486
272507
272564
272701
272859
273004
273155
273196
273204
273307
273378
273490
273599
273630
273726
273750
273928
273999
274193
274223
274237
274295
274301
274319
274322
274533
274652
274844
275145
275356
275390
275419
275626
275665
275825
275901
276174
276558
276578
276902
277009
277100
277256
277300
277311
277771
277854
278013
278227
278287
278349
278465
278772
278859
279051
279121
279172
279180
279311
279368
279374
279380
279537
279561
279585
279686
279716
279718
279760
279818
279902
279971
280002
280065
280101
280230
280360
280433
280597
280662
280704
280813
280876
280946
281137
281318
281419
281497
281680
281708
281740
281857
281868
281991
282114
282257
282267
282378
282388
282830
283166
283195
283297
283299
283438
283449
283784
283835
284105
284172
284254
284331
284424
284511
284541
284588
284636
284725
284861
285035
285064
285236
285490
285519
285551
285596
285859
285937
285978
286241
286326
286363
286543
286604
286751
286762
286888
286918
286973
287005
287109
287117
287249
287291
287339
287440
287448
287534
287699
287767
287843
287856
287989
288038
288252
288530
288542
288646
288746
288758
288773
288922
288935
288970
289142
289228
289349
289401
289550
289623
289744
290020
290213
290379
290408
290429
290430
290477
290525
290555
290650
290752
290797
290928
290936
291099
291192
291231
291239
291288
291292
291305
291324
291598
291693
291702
291895
291934
291984
292026
292069
292091
292115
292252
292269
292358
292508
292920
292996
293077
293175
293345
293423
293441
293449
293706
293765
294417
294503
294516
294550
294773
294866
295111
295483
295532
295678
295690
295951
296109
296150
296228
296239
296365
296388
296479
296524
296583
296620
296643
296786
296813
296968
297047
297156
297192
297453
297563
297679
297687
297733
297933
297969
298047
298061
298376
298440
298683
298687
298697
298752
298799
298820
298846
298871
298918
299068
299083
299218
299265
299417
299460
299664
299733
299950
299952
300516
300571
300577
300665
300852
301295
301334
301426
301463
301491
301510
301534
301567
301637
301756
301779
301815
301948
302100
302188
302277
302383
302387
302476
302491
302503
302553
302569
302661
302787
302797
302863
303223
303236
303385
303412
303454
303621
303767
303772
303841
303922
304086
304133
304291
304431
304441
304471
304745
304872
305024
305064
305204
305335
305341
305527
305573
305607
305663
305735
305741
305777
305819
305888
306045
306222
306319
306445
306631
306861
307100
307450
307917
307982
308182
308278
308343
308478
308608
308677
308715
308733
308761
308854
308872
308883
308970
309084
309296
309303
309331
309448
309610
309638
309757
309810
309914
310049
310051
310365
310460
310569
310678
310798
310853
310938
311105
311155
311400
311425
311442
311481
311498
311621
311787
311795
311863
311890
311912
311980
312058
312101
312103
312320
312353
312375
312478
312527
312548
312557
312675
312779
312819
312824
313226
313238
313290
313514
313529
313698
313736
313862
313885
313970
314109
314112
314156
314283
314302
314403
314451
314497
314659
314728
314891
314939
314986
315007
315036
315153
315173
315348
315417
315664
316018
316032
316260
316323
316363
316551
316714
316723
316911
317013
317248
317370
317432
317443
317466
317776
317923
317964
317974
318014
318054
318156
318276
318336
318351
318403
318499
318521
318600
318644
319003
319072
319094
319131
319220
319226
319259
319283
319321
319465
319559
319560
319610
319637
319647
319763
320022
320069
320340
320472
320549
320560
320592
320700
320746
320929
321023
321041
321060
321093
321102
321177
321226
321331
321442
321588
321826
321902
321934
322040
322181
322261
322295
322305
322313
322369
322804
322921
322954
323133
323228
323316
323377
323422
323499
323616
323631
323871
323922
324043
324298
324313
324413
324456
324476
324502
324530
324588
324696
325074
325099
325114
325144
325310
325439
325499
325549
325574
325812
326032
326078
326334
326383
326463
326481
326489
326490
326505
326636
326660
326756
326800
326859
326913
326922
327016
327094
327144
327192
327225
327235
327304
327344
327355
327396
327405
327446
327508
327557
327672
327679
327690
327708
327844
327855
328426
328634
328681
328750
328787
328912
328955
328994
328995
329061
329069
329213
329227
329257
329259
329527
329709
329733
329869
329871
329944
330073
330110
330259
330352
330505
330550
330685
330701
330709
330947
331184
331294
331602
331822
331871
331909
332001
332074
332147
332154
332306
332345
332557
332620
332826
332836
332989
333027
333379
333437
333623
333743
333952
334007
334273
334302
334425
334437
334666
334725
334726
334760
334772
334865
334868
334887
334953
335309
335331
335568
335617
335754
335818
335961
336168
336244
336426
336492
336534
336565
336611
336654
336685
336745
336803
336809
336820
337187
337214
337494
337870
337905
337915
337959
338022
338180
338217
338239
338248
338250
338295
338469
338548
338554
338594
338702
338742
338946
338974
339008
339101
339151
339342
339597
339601
339626
339955
340044
340120
340294
340299
340443
340487
340638
340685
341085
341325
341358
341381
341581
341594
341690
342034
342079
342229
342570
342577
342610
342653
342693
342833
342906
342969
343078
343150
343454
343463
343556
343563
343635
343656
343686
344016
344079
344088
344214
344219
344250
344290
344293
344355
344439
344500
344587
344606
344710
344912
344996
345022
345025
345041
345113
345144
345168
345398
345479
345565
345635
345690
345726
345739
345769
346000
346148
346171
346308
346361
346387
346398
346601
346770
346902
347016
347083
347092
347163
347295
347404
347500
347621
347779
347852
348198
348217
348242
348264
348295
348296
348397
348410
348481
348596
348629
348688
348744
348797
348815
348848
348993
349055
349157
349194
349227
349313
349357
349517
349525
349639
350010
350041
350058
350274
350454
350517
350538
350685
350846
351178
351255
351325
351465
351531
351532
351595
351625
351636
351744
351971
351978
352023
352039
352052
352155
352211
352294
352388
352590
352611
352935
352984
353115
353179
353237
353239
353255
353360
353476
353533
353556
353559
353771
353972
354000
354101
354168
354190
354222
354233
354247
354254
354323
354368
354445
354486
354596
354634
354651
354896
354911
354950
355166
355213
355472
355496
355751
355916
356095
356202
356227
356358
356375
356423
356494
356623
356846
357072
357134
357149
357292
357314
357399
357413
357433
357437
357661
357789
357994
358099
358395
358427
358454
358584
358623
358750
358835
358871
358959
359048
359112
359197
359199
359286
359369
359751
359770
359864
359995
360025
360160
360394
360401
360603
360845
361029
361032
361081
361086
361100
361175
361428
361638
361782
361930
361935
362125
362148
362313
362470
362781
362797
363040
363226
363235
363404
363529
363698
363862
364086
364120
364245
364247
364454
364752
364788
364898
364948
365189
365262
365478
365583
365585
365630
365755
365783
366044
366161
366197
366232
366307
366544
366753
366768
366780
366810
367029
367100
367333
367414
367441
367666
367675
367691
367781
367915
367960
368015
368118
368123
368140
368285
368378
368523
368588
368682
368699
368719
368734
368850
368911
369105
369273
369365
369408
369563
369901
369934
370031
370195
370203
370278
370321
370346
370356
370530
370635
370742
370845
370887
371019
371088
371107
371198
371291
371377
371454
371456
371522
371612
371642
371681
372064
372105
372160
372373
372500
372523
372548
372569
372704
372731
372752
372773
372955
372985
373300
373310
373331
373548
373756
374128
374204
374230
374235
374305
374350
374464
374486
374604
374658
374930
374951
375202
375284
375316
375377
375453
375539
375638
375672
375713
375809
375813
375820
375862
375884
376051
376078
376163
376235
376279
376281
376366
376381
376389
376501
376548
376724
376938
377059
377260
377313
377361
377620
377645
377939
378279
378361
378381
378458
378482
378550
378564
378669
378689
378932
379135
379163
379174
379260
379286
379726
379773
379923
379944
380102
380112
380129
380780
381011
381057
381130
381266
381301
381398
381727
381732
381760
381874
381920
381936
381948
381950
381981
382057
382167
382260
382424
382712
382972
383118
383121
383143
383297
383302
383508
383651
383676
383792
383828
383891
383934
384167
384174
384221
384298
384305
384310
384371
384432
384448
384609
384630
384697
384795
385203
385311
385405
385525
385701
385702
385728
385794
385896
385905
385964
386082
386193
386434
386473
386481
386548
386600
386904
387045
387046
387063
387071
387107
387687
387698
388002
388040
388120
388133
388192
388286
388355
388363
388418
388420
388429
388472
388541
388591
388798
388810
388935
388988
389009
389116
389210
389273
389301
389425
389436
389472
389508
389556
389751
389759
389878
390027
390278
390306
390334
390609
390615
390722
390771
390815
390942
391044
391205
391587
391762
391784
391857
391880
391919
392024
392061
392071
392207
392247
392265
392274
392377
392383
392390
392419
392486
392492
392670
392716
392759
392870
392998
393158
393238
393242
393288
393353
393483
393569
393603
393658
393682
393732
393908
393909
393968
394007
394285
394348
394758
394815
395105
395262
395459
395483
395502
395761
395775
396038
396373
396518
396564
396695
396778
396782
396878
397039
397050
397308
397393
397408
397454
397514
397670
397743
397789
397828
397836
397860
397904
398124
398165
398177
398251
398275
398734
398795
398875
398908
399162
399180
399187
399272
399295
399337
399352
399393
399659
399734
399787
399803
400042
400205
400221
400224
400256
400301
400385
400405
400580
400675
400804
400918
400987
401179
401197
401228
401643
401695
401709
401821
401922
402022
402138
402206
402245
402394
402503
402597
402790
402889
402907
402970
403070
403115
403148
403455
403480
403504
403576
403723
403751
403780
403899
403904
403938
403989
404131
404242
404337
404366
404423
404465
404551
404890
404911
405033
405064
405079
405158
405378
405456
405466
405470
405486
405687
405860
405887
405930
405954
406139
406443
406557
406599
406638
406774
406804
406818
407068
407206
407413
407511
407901
407928
407976
408049
408052
408075
408209
408232
408377
408659
408914
409022
409124
409127
409263
409270
409636
409649
409874
410228
410287
410394
410600
410669
410706
410787
410849
410944
411056
411080
411276
411389
411534
411568
411594
411635
411735
411841
411949
411967
411987
412025
412248
412344
412424
412800
412840
412897
412941
413056
413288
413323
413503
413536
413650
413735
413836
413890
413964
414057
414063
414088
414129
414153
414397
414412
414426
414561
414623
414624
414746
414901
414903
414954
414990
415070
415118
415158
415194
415344
415475
415514
415687
416289
416432
416500
416544
416797
417017
417095
417121
417193
417268
417390
417492
417526
417566
417671
417750
417973
417993
418053
418176
418444
418501
418519
418569
418810
418864
419073
419490
419547
419605
419675
420066
420070
420181
420353
420373
420394
420418
420508
420672
420713
420764
420773
420800
420814
420848
420853
420875
420889
420898
420996
421062
421110
421160
421236
421258
421482
421589
421971
422003
422041
422069
422098
422279
422320
422636
422645
422737
422842
422934
423122
423297
423301
423434
423454
423775
423868
424147
424188
424266
424317
424360
424454
424456
424533
424770
424807
424902
425015
425089
425145
425174
425271
425294
425307
425413
425824
425929
425944
425959
426050
426139
426285
426333
426496
426937
427181
427188
427211
427277
427340
427351
427422
427726
427731
427922
427999
428114
428329
428341
428347
428414
428505
428595
428634
428703
428808
428846
428893
428941
429150
429177
429309
429321
429402
429486
429549
429561
429815
429869
429908
429936
430055
430098
430178
430310
430548
430710
430738
430744
430750
430797
430860
430939
430957
430972
431024
431066
431097
431121
431143
431222
431233
431239
431254
431600
431607
431636
431832
431986
432004
432032
432149
432221
432344
432448
432651
432714
432744
432751
432774
432911
432977
433102
433217
433234
433266
433318
433577
433588
433929
433998
434029
434187
434261
434362
434390
434393
434399
434567
434781
434794
434838
434860
434895
434897
434935
435304
435406
435586
435793
435870
435880
436167
436221
436421
436533
436534
436823
436894
437018
437068
437171
437476
437618
437672
437920
438106
438116
438163
438353
438364
438389
438391
438576
438714
438824
438964
439049
439054
439241
439303
439415
439741
439766
439815
439833
439847
439872
439875
439880
440051
440052
440179
440214
440386
440505
440546
440671
440856
440858
441002
441127
441140
441157
441216
441249
441321
441341
441411
441477
441545
441618
441960
442016
442307
442585
442610
442680
442689
442729
442840
443042
443066
443090
443109
443173
443280
443690
443809
443838
444031
444058
444271
444297
444339
444341
444426
444479
444480
444598
444648
444702
445133
445159
445169
445174
445290
445330
445417
445630
445677
445775
445853
445915
446071
446083
446115
446190
446505
446545
446557
446600
446616
446692
446847
446912
446997
447138
447209
447407
447497
447498
447548
447785
447932
447936
448345
448399
448552
448657
448769
448781
449133
449370
449390
449440
449733
449737
450165
450286
450372
450426
450464
450666
450735
450939
451129
451163
451222
451350
451585
451638
451671
451759
451862
451995
452337
452400
452427
453241
453268
453273
453346
453458
453734
453823
454096
454394
454764
454953
454976
455036
455079
455166
455238
455276
455771
455856
455916
455974
456176
456291
456351
456513
456547
456665
456722
456765
456784
457307
457353
457403
457576
457703
457910
458125
458219
458398
458457
458708
458791
458816
458950
458964
459108
459249
459323
459647
459778
459816
460074
460128
460350
460546
460570
460682
460716
461152
461205
461355
461427
461438
461586
461688
462046
462082
462115
462254
462485
462590
462779
462951
463143
463259
463283
463334
463345
463347
463453
464005
464009
464093
464363
464403
464469
464565
464585
464592
464737
464795
465038
465116
465180
465198
465383
465423
465447
465469
465619
465840
465903
465969
466139
466155
466162
466256
466381
466414
466566
466793
466936
467020
467021
467234
467319
467379
467450
467551
467593
467613
467688
467751
467814
467973
468007
468063
468078
468113
468174
468341
468387
468405
468491
468593
468785
468881
468951
469014
469105
469194
469230
469374
469375
469713
469792
469862
469906
469944
470061
470115
470312
470352
470481
470546
470548
470947
471013
471101
471282
471445
471451
471507
471685
471885
472053
472085
472119
472201
472203
472217
472445
472568
472668
472696
472867
472888
472942
473063
473212
473315
473416
473436
473525
473536
473814
474089
474118
474189
474543
474613
474808
474975
475011
475018
475350
475441
475488
475540
475565
475620
475777
475898
475962
476056
476141
476191
476908
476995
477122
477194
477314
477373
477421
477579
477664
477824
477925
477985
477990
477991
478009
478171
478220
478287
478370
478390
478470
478720
478760
478922
478991
478992
479162
479325
479535
479747
479756
479954
480007
480103
480175
480216
480246
480353
480436
480529
480540
480615
480675
480716
480799
480814
480977
481078
481108
481209
481319
481335
481336
481496
481500
481533
481656
481820
481884
482062
482158
482241
482323
482406
482417
482462
482471
482508
482585
482595
482739
482924
483013
483304
483491
483510
483590
483622
483709
483895
484101
484234
484397
484407
484465
484496
484579
484650
484954
485097
485156
485208
485223
485479
485755
486152
486184
486188
486220
486235
486236
486382
486640
486725
486827
486856
486873
487011
487025
487042
487063
487201
487221
487278
487430
487436
487483
487590
487767
487842
487919
487936
488146
488191
488232
488525
488530
488558
488619
488641
488711
489023
489064
489260
489305
489322
489380
489408
489528
489683
489724
489783
489825
490142
490346
490351
490489
490628
490801
490802
490848
490930
491099
491231
491251
491437
491504
491507
491868
491926
491928
492012
492112
492123
492261
492364
492390
492410
492726
492754
492866
492919
493005
493099
493141
493254
493292
493367
493402
493443
493495
493573
493575
493640
493641
493751
493991
494061
494107
494207
494429
494450
494638
494672
494825
494877
495134
495172
495198
495477
495481
495694
495842
495895
495972
496017
496071
496134
496225
496430
496623
496629
496634
496838
496869
497041
497056
497081
497088
497256
497390
497394
497395
497535
497570
497654
497736
497747
497801
497892
497896
497927
497947
498051
498128
498164
498275
498546
498567
498678
498692
498727
498788
498818
498952
498983
499046
499054
499207
499409
499447
499502
499572
499661
499735
499905
302872
243812
74197
119542
373261
355088
186271
304640
289806
202428
341867
158156
446552
64219
322326
366839
264708
389047
46699
87972
422953
219151
76885
7034
259397
409555
255594
359631
490858
320633
368384
497341
448265
56776
126055
418926
250426
5630
468663
281928
246037
44550
451279
36156
300019
363707
277913
371279
363496
384742
228472
76875
458374
434323
303775
490085
353076
427520
348020
407543
115415
245606
373079
394986
79140
120128
101212
433701
172555
272945
76890
218970
308430
339677
84523
172071
161314
391031
151048
141433
309230
190359
28660
398528
366558
284441
486841
131481
119935
286331
151525
11364
78968
282732
186673
307349
393476
418848
381684
449867
289477
41202
53929
37540
5896
300792
190398
403883
377482
454328
243849
374098
224596
494303
171309
474885
294422
188190
4157
58205
310167
239072
255894
125071
408949
467361
140323
36233
458698
42107
401649
438380
120922
11847
363319
221529
276432
277004
4195
290020
88065
91111
417062
275222
344543
62284
448920
346699
251236
128907
252124
421206
403977
425733
239289
339606
6389
374333
298815
381569
280057
241966
153353
488055
146148
69079
105034
74320
136044
190614
184531
299950
208608
288291
413940
47285
262437
197463
171045
390779
72831
398014
172880
333442
6647
433262
429996
474702
229843
167618
162176
363599
398869
298827
319183
116358
485770
110344
219963
340203
181286
39443
167388
226680
344595
270130
298002
122595
265065
431179
315806
244338
226425
46113
198729
235610
293611
205382
192410
131605
82574
55762
338255
471560
423939
443116
278353
104965
66810
119222
139458
98350
8889
134372
359766
339676
357425
105243
130160
181656
215060
214742
496805
89762
214567
54536
401228
309301
21025
58535
399580
292583
188122
83905
52750
56687
136573
332836
68814
223330
308961
119075
185823
308603
492903
24602
276274
24404
169666
322357
202673
310771
253794
84153
238354
281903
303493
292909
206922
406753
151928
58259
195279
111208
427252
120163
312240
349081
304623
359672
150673
433312
380559
271112
208848
454197
148584
197624
356125
444861
245736
390241
419242
46908
300557
7698
151527
32090
6912
352190
205300
499363
135422
27056
79141
335178
489760
323090
178622
29567
228994
81305
209891
397730
241275
180305
194882
422848
84843
371263
282046
96781
27064
427746
185730
87728
430705
388384
39459
72245
145712
373860
217650
139346
139597
162991
440207
203304
124574
108313
353458
413633
63089
17695
248598
360237
263785
113883
269303
281503
342468
38681
334230
468064
381798
267304
257693
387176
456679
64512
82671
301020
447828
90945
93395
409743
25648
250705
304663
383707
105148
493749
98522
227286
28813
446776
163074
420841
269013
298855
497515
291316
326904
231065
249194
262610
355275
22588
318552
471943
370333
46821
166894
127439
195844
202587
421786
184070
488080
496650
21107
80199
187347
299647
432723
498911
5149
145617
81516
452994
209858
33680
294493
275229
158121
469942
411077
122672
336285
221941
131207
217604
293440
51886
454288
94575
400941
454182
64302
16389
486771
362844
380987
108486
348019
249822
208676
58503
47892
228819
192152
103889
11179
455460
48689
324711
342641
407424
278727
305089
294931
17319
105114
355803
143759
378112
176902
72580
373441
20293
488456
11870
417703
201145
446843
378704
4335
194351
436939
187054
356137
480437
144639
432838
277496
284401
481725
144198
209195
265977
345741
129235
334374
343978
76006
497281
110500
325803
236227
399543
379021
233760
444315
266783
126811
300005
66122
448013
42140
319419
339929
147247
377600
263802
148591
225789
23007
57465
453862
451310
218734
53707
165095
136620
354573
230619
57794
410270
77297
258368
348212
299663
332600
292920
267728
330636
431873
329071
428527
3388
178986
341328
398491
150858
110055
323204
410098
264612
268776
269641
63858
340568
393849
446405
362341
367180
470151
276562
150768
283626
299050
30861
376926
281519
329431
167530
43018
15803
290273
52683
326649
412481
144390
435012
142490
321699
390201
470367
147436
385534
137140
134067
323540
264146
333903
329161
332977
295844
323510
497790
14124
287589
443795
67404
94555
431717
173090
207863
357465
390543
262157
355707
73249
93636
290879
256845
332812
339486
397059
388107
220039
225707
479069
499289
235784
291803
158464
475621
81615
85663
71291
87417
359745
371713
70296
400124
251937
245623
412180
335853
84237
113390
58830
363398
10622
478178
331772
400478
142606
219897
19791
242673
227520
426928
77376
272217
444876
274862
351324
83717
298875
153707
483240
164294
95637
403551
49368
44158
224523
110737
241634
212077
161925
343593
468394
340965
104184
57932
302583
265220
224436
110826
57692
412629
139186
408204
28307
142013
89718
342760
16774
125492
451540
491586
243119
1027
322665
3899
245082
53149
403007
497158
312923
297718
447606
384686
430508
39956
478730
383660
306521
321793
362774
380008
106597
350031
350132
168770
238153
32742
181771
239154
201598
224738
74753
90562
74523
267857
156491
339800
379760
207872
191417
176051
301051
271705
334495
284456
323524
130502
327243
14152
271932
217776
206094
68946
203226
468922
40839
495634
455304
456272
335652
205793
499941
337392
310239
321374
389289
152060
73085
152070
282202
167288
97509
131369
137557
427319
370357
298998
397786
261770
209843
495857
358064
51369
370674
289622
418689
252498
384424
80081
466831
231847
266703
425642
60568
198514
324536
495626
78045
307452
111635
44865
343484
435971
76657
269037
61815
329629
149167
391413
320649
333970
459460
231768
310952
271260
423273
374921
354750
441089
44600
213593
127144
230009
353106
99371
436154
456170
287666
266040
297783
145041
120039
24378
269618
85078
155177
237718
47318
128768
124006
132222
354931
31656
257850
181683
456349
399937
383818
250702
22328
470511
160789
494740
315475
272993
186564
310824
418411
57852
336417
362707
421471
448572
198830
177194
373976
165208
201466
224234
78817
437768
144373
432892
181801
400896
381888
15392
481219
209240
258753
297130
236294
436490
441995
7726
360874
227752
200341
36766
315554
171320
438157
490826
477736
238599
177892
28578
68922
383936
113484
148758
89228
115766
85855
448149
228842
164288
146764
38574
28026
119103
361037
211129
471641
231852
251999
373779
469456
377537
205932
70007
467007
113825
168055
177027
238175
71157
190140
494102
183175
43702
348915
485921
370305
488005
354095
309893
200065
252050
231664
223622
462025
237584
214828
392408
20017
408283
73339
26791
98583
63373
287499
15995
6860
279110
149460
323024
479214
302663
191151
182705
40407
354702
25769
389390
168387
218672
411852
490811
172663
300357
157787
277915
166840
75485
365743
57831
409565
48229
161096
17597
493423
381928
307802
494242
171186
74673
345136
31363
90980
425150
24383
121939
275680
268486
427608
198886
154801
7154
243113
6405
309198
304401
175997
251333
92578
242522
452814
295426
9610
312825
139525
356884
124850
303852
168680
17293
187093
353589
396260
403607
133726
197368
422810
314057
2097
34354
287235
386037
174208
230770
499222
441732
434712
394944
394035
218931
486039
376826
390328
187478
481629
155794
249809
391745
257627
453227
308435
354945
130722
41868
115033
365933
181665
28510
399677
491929
37129
95241
422503
197408
481088
41295
28517
381705
12724
489572
355703
124487
113701
145033
361453
385902
307791
378219
391036
259050
103369
270262
169481
194117
74561
116993
345308
328353
423141
376411
264885
312891
474166
122319
73944
145080
342330
424665
231668
239146
289254
379512
125406
133082
438716
419802
77159
190391
178315
187199
438613
55949
180614
127666
448931
298697
4947
405606
483752
403258
32397
73557
253569
174537
54054
462742
317151
452466
229957
339385
83346
162233
415608
291449
29606
34364
101498
359934
223258
442584
228695
342303
232781
463601
460944
114760
146216
92973
422664
260315
73100
284296
477927
357834
117681
437324
114901
176873
394342
158475
415738
498953
133499
298675
294504
410969
305572
153347
171610
470861
255041
461624
10541
388278
429084
307610
161807
134127
171563
469758
420568
357125
382465
352849
260992
80185
427064
286775
451061
129813
232486
479098
96192
210092
415753
346488
340615
267267
315581
69217
101390
344103
190125
440422
168211
70385
152774
211790
145084
490670
194167
283404
405181
464584
129023
451941
76429
472203
284786
303007
132996
237869
280790
188142
208690
480840
280732
299279
373024
404096
133605
215560
14553
36877
157066
18608
436955
263171
273319
37148
131515
210655
243992
197952
214975
195350
261876
232033
97491
407986
244125
32519
402918
260792
71954
247709
20106
185399
164585
36068
356182
392015
198416
175785
140656
194418
232591
465362
273976
304861
327420
216689
13730
423252
366454
374376
457706
208979
181424
286428
127826
422143
155528
60670
484808
306841
460137
323973
184700
478516
81474
462392
483513
60509
184662
161355
499900
116383
4639
220105
469331
204901
447079
362281
445817
73713
175632
431035
252588
452625
22732
365243
429040
113583
203745
202617
364668
438731
438174
201999
443825
470200
75767
321495
467849
496882
57886
426660
296556
292041
137316
277874
255271
296165
480081
273490
424321
404428
230069
242711
470603
67667
258809
494033
358697
404231
428526
325524
61575
300763
333171
337774
207270
333840
45270
115987
217831
248314
350578
268761
81256
118760
449421
406905
434198
464763
417962
457565
411438
178258
259728
236092
170028
213342
48937
126012
54961
358916
458268
368538
49657
2587
51588
492042
87127
42927
356808
235027
19254
323747
334472
459848
461531
85776
394134
275509
438532
81195
30356
57882
67990
200533
27092
414749
8697
283425
76748
311468
278693
444792
495427
194258
332016
117878
109374
235193
373570
399610
255010
416431
337339
404265
67765
238743
21213
73629
441164
60611
254609
363253
60762
472326
449060
454662
208515
268593
163328
69804
497594
398923
70402
345747
278823
183206
229196
490488
67864
71848
10145
409509
430394
415227
98036
387178
394482
255748
156987
488284
419139
73428
402382
5648
440638
358104
270628
251609
35496
81320
415107
130511
3146
170502
263015
480750
193584
476283
57019
45020
119689
18373
242513
13286
129064
126415
147303
120140
59483
479466
128841
12600
467101
63297
80774
68071
14026
104556
409358
223903
438396
1972
62005
314619
355258
80114
231599
494709
458768
59832
455747
108873
261208
498311
489820
153102
410842
24638
220464
169724
422327
420164
336569
355793
201121
1219
287592
81412
273896
239822
251082
327287
394325
274418
287974
63201
245774
431305
477546
50440
200294
389630
41640
232097
317498
143922
295117
166734
57499
165552
402067
305554
47574
210489
64188
25263
390026
447476
137939
170392
473343
282447
473052
410981
222106
178590
39062
425699
121215
257981
473777
225042
165882
278013
388147
150837
303642
372359
353203
295520
97168
490869
269661
178517
211040
474963
322282
351011
117915
61642
6195
358812
444641
84609
202045
43647
163189
135165
105513
165108
281207
364534
197453
245543
340755
111502
109760
157901
261068
365395
350956
292956
101848
295860
314707
13191
473153
305782
383682
160224
59083
238582
32531
287771
495304
344727
467389
60367
358844
364597
324069
134829
434617
225498
315044
353549
115510
146782
69103
201321
448381
32532
11905
232612
238106
106904
3927
310358
55944
404353
6193
220781
387511
124126
350359
312836
31772
62620
6814
370945
220793
448800
316902
492362
198139
458093
32347
121081
386046
74026
21905
100907
317242
122072
101131
461499
368284
186015
244366
387746
213863
474048
357790
386162
384775
152099
29219
315408
314348
361346
389176
77251
9961
219365
102313
383642
144297
9868
142190
318468
222820
194624
447306
127523
11787
234286
306262
167797
347669
19067
326026
245109
75699
289397
140858
34485
389926
343007
118278
381343
108588
416316
52877
46042
313518
446200
327004
278485
93591
189373
77451
353997
138185
486605
64685
264107
327493
33559
297050
459905
325429
378673
203522
294250
362893
320048
415252
235844
446239
368016
387203
211451
143801
265004
91621
91053
433010
261699
444299
484170
452436
237247
405468
289664
138405
345036
130007
175427
309720
227351
8497
359906
392292
284365
285704
409144
445832
137090
498154
179670
114377
9864
353055
151212
223391
280797
133619
284951
180316
320892
186011
480051
70212
288352
166794
466479
130163
265404
161126
261499
155203
34122
96782
197129
200529
319886
188389
20012
374948
464705
257289
423500
223545
335301
323907
178132
151836
386638
193903
371137
270769
308301
484115
260337
72133
308920
473646
197579
390456
238611
399315
71612
441911
192246
436578
176697
225778
87474
254521
232266
199880
368178
464003
408810
471102
257523
309226
214281
74516
152731
229929
65879
471101
383739
83291
487719
440176
382463
334567
315307
309056
438374
237394
92813
311932
193740
446046
321821
224114
90258
439040
8134
150694
362085
147131
420054
295545
234334
1836
465000
237993
469498
278457
164326
201166
324528
228368
80577
337990
405834
3517
53233
189412
466742
466762
298772
349684
109067
329278
102716
65552
43884
298317
455912
233896
463805
70169
100368
219784
61811
431795
337375
395787
460868
216992
39487
134582
45886
252057
406722
336965
460867
477261
135038
479695
494288
25508
374131
54624
187240
474488
323241
356871
368531
450699
36641
415573
339285
385893
369509
391575
156583
365707
143201
313499
175254
98034
144450
105567
286215
141303
55665
36008
256543
362310
334855
113065
280758
1940
83356
233222
440183
130972
470377
485049
38237
494765
14547
1233
89759
188724
264169
493888
480264
18945
465055
71442
298774
324205
304570
299090
295171
378054
120996
145605
106612
227022
386881
302470
182159
142603
28547
156690
435537
48795
216260
97099
23833
160685
35045
59507
42523
83456
139766
6493
74521
475927
138480
188286
348410
279079
32025
158306
271185
84714
402436
277825
70172
278030
68366
474132
14951
157300
464143
316881
390096
421594
172950
242506
224157
416790
338990
36859
325974
14355
123921
173658
417899
238123
495391
495709
381359
494388
477670
301798
371619
490314
289105
476206
15195
442701
306239
387597
240764
215042
133229
362032
137289
52342
238035
441589
123746
385468
433700
155717
200261
122107
489209
259850
451505
249413
61236
181985
204374
490961
162051
208444
401200
296624
95700
216424
290200
365406
353266
354936
389546
178108
362885
143456
469485
471579
388192
410406
268265
434438
232947
352368
121943
9424
192862
127434
280181
245905
1331
57739
116847
191829
458296
319352
171956
177588
20060
415514
24093
199441
301487
108862
492663
288910
366975
184901
391795
366157
274993
103939
489759
293057
482302
396040
12050
305227
498440
455438
126314
453587
233303
334556
211976
354142
168024
380529
498361
255130
400388
440989
222914
159394
227475
233408
112694
409805
165889
192289
65929
317666
384503
251482
293671
126084
20509
260762
425593
114486
126093
136259
299365
82035
333533
362047
450318
359404
10864
209133
462329
407205
231752
136548
234784
99523
334064
10140
468722
89141
290664
62763
220932
400380
206090
142534
191234
30073
121555
472145
60766
458036
59652
269657
399310
420771
442722
422048
251227
329712
369233
1273
189734
6152
464879
321921
337305
134819
397486
279949
251534
364826
87459
89926
40917
302055
51502
163401
423070
238196
405901
307280
261089
347565
187605
352964
404371
265139
248186
469192
130055
334939
421083
87279
291874
262257
410194
165280
34638
492930
414270
135815
217998
450110
187568
5251
105214
444221
321386
159703
20485
178240
342050
10237
32730
260279
189296
89124
449264
273082
477305
293737
229192
220138
440018
218917
284842
194515
193297
355479
294878
300344
233377
336515
231943
374248
436263
96481
111553
480042
88664
303937
385931
180474
104220
301865
487131
26546
344331
420381
265219
340407
456544
51826
141171
129399
366122
368106
408817
316262
486100
411179
193277
262048
307719
409116
299226
160076
3755
372767
427351
401913
406293
294631
372666
195315
295184
35983
317479
97450
115022
114372
403273
406194
235458
277485
34990
120173
187382
70481
306111
43252
113162
374750
492969
360439
454207
105473
193490
218983
294444
334200
212567
377074
436524
244432
27339
211617
465633
319761
442489
129437
326492
385024
466565
295985
263476
163857
430698
356971
326753
215829
119649
393300
41007
141388
485180
242559
256677
340503
71943
193032
393256
397094
354515
78473
166147
265165
357188
214649
7947
326540
13325
10288
183745
257738
110381
254267
482797
12560
210458
435562
273077
23504
52214
176070
474817
334747
258526
55260
428518
367109
495663
282237
169516
71384
362624
146811
114090
240709
139180
350453
105024
156624
309282
480981
157998
80638
93276
141713
63206
469590
92946
80523
146693
194992
337924
217345
414307
297443
431860
175488
277675
366033
291128
427235
102504
83903
466221
411847
458486
89068
9331
383277
324830
152325
12616
371963
226917
27238
46587
438755
247191
9488
424992
189724
492704
205447
13731
45750
25380
457022
223616
225525
262057
399524
127589
131765
142751
276332
354174
470768
395843
74736
32593
458690
74597
234680
162928
6332
45831
140274
284963
457268
113177
312345
463188
280705
337661
102010
120160
113135
361678
417625
408087
354737
272532
281474
394538
138052
15412
155739
499445
36231
170464
236983
382332
13365
398346
158658
50630
296707
269675
50249
382375
255094
245724
169446
141859
187087
396033
464748
290521
152328
259840
396589
458113
93864
98183
68193
440404
79437
34430
304626
431940
277421
211974
392157
479870
316366
452282
55605
202778
418555
78373
497927
371649
68070
399519
441735
339346
114867
27054
230895
224845
484254
162061
241956
212441
74735
48731
452884
482881
329077
265232
412081
164116
170602
404399
201895
244040
165482
136937
198086
190780
218052
47167
17424
216549
11806
198140
293697
488454
36104
275726
107876
416668
237152
243327
364722
496644
396265
51447
54718
338546
480594
80732
474710
217315
364350
480954
306373
414251
475348
130297
309457
394997
487505
385761
311952
227484
361149
394162
202201
108108
296183
408966
52053
44185
241459
288312
80179
151471
33960
340932
472836
356835
181833
309564
447788
156216
73171
10901
412695
233835
380238
83783
189246
7135
21869
243807
64262
271080
195601
90893
322356
228030
261970
496273
269463
292969
162905
468035
359292
202692
159447
43679
109244
84529
248323
49585
341008
101311
384800
218174
256046
371104
202014
401199
402667
432219
123025
460154
168475
233270
58138
231218
430295
10958
181029
37929
255828
472926
454631
434872
339243
398826
426270
77196
41751
452371
72352
135317
91061
251760
81161
202391
426056
84734
145283
453741
223155
85347
87586
229758
251480
220244
202745
477106
218791
22762
248793
44381
68823
323774
493305
36221
264590
295370
189581
318204
359659
395110
384200
413557
87200
294199
392874
458464
150391
79119
44341
46827
265589
12843
71629
435214
178213
302335
354129
38364
145949
23483
490547
393221
440856
83200
229611
239405
488993
360383
442707
329802
218386
397545
476148
490900
367371
53165
192962
222600
380173
353485
294698
14623
25765
279912
62458
250060
375926
9649
476440
311202
287405
388873
98289
347768
240007
166294
432259
3659
492814
280222
468233
245844
60232
155105
22195
272261
1458
29826
274547
185061
463070
40498
105109
498181
46247
139118
372718
70028
149882
911
253024
317060
342206
45406
138182
83803
297795
211466
217251
360622
386393
154155
269928
300691
446122
480544
399082
137074
433812
235330
349469
461801
251306
406087
142530
308194
260382
43527
357488
25861
426829
10544
278534
167318
358178
348993
329354
463422
287168
311304
141503
420221
351500
231785
383674
440263
177261
101774
253982
224623
37025
132314
101275
94607
65138
402886
53516
326399
102344
267712
255636
339266
284696
151216
469337
453350
45195
437760
356563
139388
98674
61969
226897
387773
184933
107107
367567
475220
362129
259414
110573
283718
351241
458147
10161
400150
185794
39818
98436
217142
15864
386091
114632
58678
82232
286811
112982
257315
114463
211249
35406
124327
121810
423612
164825
440668
9302
400731
351710
388165
91282
447097
20738
286134
45458
170115
130686
318290
146814
445849
237271
11069
268246
249662
31257
232339
191958
19774
474523
198852
379298
154417
387913
427867
476455
305225
305331
111404
233595
218887
3532
234745
240284
483940
122052
391259
42670
27603
334169
254976
317908
93218
361019
98639
143282
161016
448085
464082
284626
203870
419568
163763
104957
380976
205633
170643
74122
63636
178436
279766
333549
45633
378588
53587
277877
174714
6668
12907
498750
443418
75505
316538
423433
372887
295123
45286
459934
451339
249694
9413
418043
313088
491712
188447
467193
450848
356116
31330
194924
376571
499953
177612
219851
169582
361429
333048
120670
425418
338149
457806
339506
477964
310491
251696
179005
34811
366412
283737
222265
158453
100111
378450
195806
23737
251711
457456
79429
35458
312686
17937
483340
55002
443494
105389
468661
201780
85475
473412
357411
492778
318494
57395
218703
117710
339187
292361
32307
129209
463655
382282
170280
332875
483147
120800
419868
288257
320032
179709
152122
10259
170025
173871
347123
156264
444200
142899
394155
20633
307830
120284
158127
374362
233962
56888
407563
150810
7394
83171
291443
294037
267043
481857
236432
11102
478136
486581
324633
120730
51510
189714
262507
285854
57186
415293
94401
113500
58540
21181
336447
206361
323319
119328
85639
288188
227033
425159
281747
290188
464399
385654
274182
71348
274428
393917
218018
336762
445404
105555
7680
180334
181545
479144
399865
402566
257394
454395
277768
425807
145809
484552
36869
276782
309889
306098
171649
274581
82498
295678
236292
337289
94074
416457
235975
35781
193170
52466
342439
343254
193424
165202
480199
135118
13751
45885
200704
245416
191385
424259
416885
303268
81781
349088
229850
241164
312824
278043
324740
353069
268008
378177
427361
330074
56522
92810
166288
351042
189367
10300
456595
421605
434433
28195
21022
22948
139632
438104
211484
447275
307937
289219
162105
479735
160204
246909
218484
411758
358579
350174
423313
330011
445416
84218
133298
417759
357263
382570
18684
184776
196124
376372
320386
475091
16527
483805
106303
484627
127388
481396
404735
279215
375929
420940
335147
438933
155783
222066
15758
381130
140890
49558
27529
127118
88916
300333
346470
254381
147513
292380
28543
93178
96753
404106
306287
82338
275133
403486
257856
317626
104607
484094
276199
248027
303142
4632
131518
341397
117543
253556
4873
448090
399370
239177
394798
122854
412694
266887
265598
375943
418915
213118
289917
343792
485241
199063
72918
103002
93413
268787
147672
302333
41780
325866
182300
416332
143863
89567
468945
484198
229777
475179
414012
424767
249682
17432
234731
247733
277588
499775
380241
456373
419852
365427
204395
488512
79341
409753
106011
287869
86649
304658
172349
431005
146228
97621
174788
90955
328975
64815
287252
499054
456509
289780
323377
76775
427992
4037
456519
73109
432145
420092
203205
98709
316378
84739
25190
382769
400508
72235
154359
415394
466716
347557
227408
346179
181402
126284
421141
27699
195385
269991
451329
415526
178694
155258
152758
426164
156492
484299
199515
265500
160188
276236
235217
236137
287034
92341
394153
123135
133443
426177
28010
195145
119809
475619
3844
120631
26301
68523
168349
175517
488010
259326
244450
244355
287739
254173
447816
18288
420493
376418
212790
72620
396953
335026
236002
14236
23268
290752
321545
273823
180074
237399
156566
441991
388702
394068
206505
450230
237278
102661
151838
357251
474450
29621
161405
414561
18614
71241
32535
480588
349698
96554
388359
70425
83964
119002
109326
379426
314594
28085
260222
71965
496402
372102
199842
371208
40283
156698
466345
107687
401064
71173
477802
246259
413342
41359
235039
87442
68708
299102
269826
168460
392592
368128
343120
60260
188720
88136
410430
150042
28577
328130
484215
210033
434050
215241
494014
383142
39589
214463
493138
45775
279534
358095
189994
27531
349961
74635
464167
208025
116352
397926
455683
232441
7369
338816
355403
16024
291527
419750
48976
276984
424630
102604
2238
164066
416358
434028
80992
205296
211485
352187
472096
138220
333614
484292
87623
314964
229077
89122
487880
156310
148528
594
232522
69153
421058
430286
305061
130868
485265
280156
72693
327570
437765
417823
220615
125429
189615
347465
69728
258554
141093
198814
241786
172107
418053
201384
430660
226554
258422
252076
33966
137606
294633
211380
287063
353084
4502
313520
100529
342434
239895
431500
355870
286638
360658
232459
299134
300626
271234
52704
394178
82056
49695
307493
127606
232648
249104
44035
333811
101363
465973
91903
41944
469479
491328
185663
477663
451584
296689
384195
390499
103098
280097
190496
383631
155807
318092
407892
471092
213187
258117
106727
104103
422938
110665
438706
37145
368945
54816
181303
63116
18905
466911
159829
60860
434036
106829
48781
104756
67786
201201
304608
125544
136984
67872
114484
209307
370142
9085
493292
343670
169256
85410
428545
343790
414921
314020
498683
167606
351079
314916
329646
258893
105922
372511
370729
195424
165229
344207
29957
131532
460677
236014
446959
275545
259783
390012
426936
220897
195481
238471
117111
251507
310363
474098
39101
68958
247640
48124
95725
74869
298088
223242
239105
81037
246429
285162
35480
32743
246966
258220
278425
184639
340196
268835
207479
179848
142075
341279
85367
466764
206277
443214
65112
344993
17469
249157
322182
160261
224564
195778
256337
124923
97610
450557
382612
50213
458229
438898
142111
368748
238436
71617
36870
384848
132338
115159
440115
81994
353246
395660
299633
184991
23204
193470
221894
377365
461142
277727
149586
441907
343267
343947
219407
279355
72641
496643
481113
378442
66511
176926
348700
293358
207321
292814
159820
23602
70167
127376
180106
34218
379185
180153
281968
140973
252756
26328
447701
423898
495445
261757
97566
243283
465588
236032
464539
488754
139633
42975
200840
240518
237860
82679
134688
59635
90064
241482
103139
44009
456760
197737
167441
396231
30245
468519
17873
59543
368739
128818
94722
50289
234617
378950
271600
382559
354415
14225
337412
3528
208037
33509
202077
479513
457061
82690
55296
229793
85316
423638
375343
412333
62478
285571
477444
108439
437024
110955
441591
376215
51045
46929
320949
336206
237834
136100
231277
81288
101733
172378
430641
131331
148788
269076
212338
306356
303180
200219
302261
195319
134792
428506
204304
468045
386080
30773
477956
212278
351265
51176
273700
385023
70776
3231
19546
172432
38658
125399
353189
269053
163676
122969
125136
203528
8563
396992
126115
489986
247131
423455
194738
99186
373235
145929
29968
10747
185078
11970
312443
167832
91604
438449
104123
465961
249838
251425
469322
206481
358905
102195
205957
473341
188201
283367
118718
472135
19626
414377
46370
425029
138883
422502
267402
372116
214021
338403
55780
71001
150503
31787
337820
39046
418279
351234
344721
349203
88017
53853
336523
324854
365819
89260
180193
381889
39170
303064
408468
254194
466529
361861
14811
415217
293366
154774
427587
1431
113306
95821
226981
380911
251354
339442
324047
471482
191061
478515
28036
287049
318269
267363
371879
244279
458406
493776
350193
398989
6411
154715
98961
406246
217030
130694
195478
463297
130203
235382
310019
373911
249439
78815
65361
140463
230418
91260
294716
379062
261062
215837
465894
178489
236634
151364
262442
49257
209244
437475
139410
142944
107761
332704
494640
497784
438932
455104
475877
73904
210903
278666
212992
478032
265474
375831
485952
381186
377062
292786
186207
322453
18874
63679
439523
9243
402166
277653
188278
453736
361984
409146
116397
485358
456710
151178
350214
244552
494203
380553
330505
169240
127540
132063
19657
270361
416974
456964
74178
437149
494940
486355
413006
455061
427106
393564
359877
410459
157862
350757
261255
248405
45149
207160
186347
408345
384561
137044
36164
209519
97598
416797
389658
426943
20474
146809
164358
141122
398010
317995
240754
149712
331082
485086
484857
145824
455839
438705
70528
491786
187981
34123
365853
209520
202767
83404
350781
172649
322431
217039
69382
37834
26426
150178
157517
494248
354205
217172
234595
25088
362401
164480
218864
361910
173193
74902
390985
6216
109353
40560
479690
290822
388563
138770
430129
428096
83481
73047
73977
135183
378183
191419
212590
226813
51598
496537
112001
248134
42708
27069
226790
57193
63648
387000
164311
66252
115321
211028
317784
459117
353560
19212
146472
422003
158032
477685
58391
289100
6402
706
157408
280642
60599
315180
499575
135002
289227
132355
280934
421791
296248
177147
481056
439574
163879
31729
336460
183660
283073
376957
481318
359945
5679
432732
496641
133572
10962
352591
198510
459391
464314
257873
187778
497450
72789
462733
179760
199633
261512
205810
124705
473768
22549
414827
39288
301429
256506
153547
205570
194648
316051
479352
445011
151903
473753
330155
352883
290024
344772
423582
303764
487083
391108
384088
112637
365445
478743
455433
133333
326018
474977
88719
42577
121107
378220
163174
245551
348824
234830
141268
445809
39400
310493
126434
258424
176768
271942
463303
404671
286268
487245
301588
449628
175296
408714
200925
157838
157734
473611
390918
410780
146954
345393
66478
118621
250356
413406
488070
43407
355632
386252
47664
435361
392781
201931
36849
401612
454865
487294
481572
351349
16093
497372
423603
232528
480621
86955
123213
395689
221831
236352
97713
13292
24861
303492
110611
254151
328059
27894
176520
281594
458399
399019
347750
492542
84373
277756
423953
133958
26
300040
292263
22787
142455
36403
492660
414305
169317
159561
63694
210191
360736
422402
479094
234317
102681
385674
307398
208024
382865
172055
199045
146908
19896
326040
474831
3790
254995
124179
53000
459268
311622
17017
331169
203404
157127
195682
240528
255374
494857
17036
496945
416705
413024
352657
393964
311456
191815
132291
12588
335494
283468
156501
361930
198419
152494
292603
259631
82281
414266
65919
414476
104020
481215
320453
357164
37518
468150
201430
428508
418570
282791
149581
255912
197438
373125
389083
346380
480088
16732
313432
429420
179672
72112
468664
480767
122284
420723
357870
203609
324147
330986
60764
85434
485424
162731
489317
128977
421237
120008
20433
269777
104746
13113
270500
179368
270261
476466
441382
37445
7693
70268
158018
35604
416637
70398
373204
266764
423180
36468
111752
366134
461161
31582
449375
82784
104571
234113
297964
18412
114001
241681
41158
105077
112130
273429
322555
493515
180437
64083
264247
301911
66403
101656
241402
143406
401931
118940
239951
342930
346836
461908
19493
351395
143307
324252
136664
324395
351648
119195
397642
78137
163062
81813
222791
238533
375150
409166
396349
314473
318978
333552
214194
481313
254279
333064
206395
467001
368890
303741
124182
82005
79238
425844
248490
89230
349072
340717
361802
156286
419929
10294
40414
77601
27053
80814
409826
126400
61244
55875
335281
26866
298018
268165
194187
354070
298726
409800
51173
18785
217820
352043
452176
125469
20939
141007
371964
411138
201214
143365
380158
95656
381206
449770
264668
374841
135255
348397
479517
383732
269591
36367
4235
99847
336820
305451
496575
100327
118317
260482
145469
355569
375490
307407
305732
67401
223827
428818
68049
35035
173455
456120
228232
54249
270893
205654
410574
371583
104148
408965
195974
173515
495158
362723
239724
278883
325949
149996
215372
362860
366939
420792
102526
132005
153607
10428
345779
259756
437002
412891
10740
37711
252832
295104
436230
46279
374696
272572
12055
315656
236926
81894
218652
115261
254189
140403
98756
284869
341577
323284
212347
260515
456502
160336
79848
352069
129492
137211
36163
351371
257857
234861
364780
64351
342870
5225
191634
454275
91375
414592
19964
337468
41806
404421
382280
492696
454889
274817
88127
85787
58991
23533
361520
210949
326598
143607
177139
120318
324907
136050
226872
419971
317820
105618
383596
181587
436276
212256
461724
325931
452571
361669
139314
416121
78703
114978
460763
111896
230536
341752
322131
289516
355775
356041
104501
441545
388608
39388
375924
161113
276375
88894
369199
169188
235352
374227
433366
295149
141488
110669
239331
62077
69003
494461
116736
240267
38169
297576
246860
152350
461914
276754
72477
427821
474015
285403
39013
118428
424116
348596
452532
321772
141486
19551
394427
421870
404283
499714
466752
23475
485234
486103
351255
40510
320734
239560
137007
443057
99352
380896
63796
157463
456067
450069
170594
153492
494728
41495
208898
153429
20085
477694
86443
322554
474345
122646
258967
339328
54545
88339
407134
121521
417316
93810
325507
496395
242737
112616
4586
138791
284595
148744
66736
53803
148007
225790
317086
416295
111713
39678
205970
105464
123268
261303
346196
332670
297686
16021
417888
96343
252339
477451
60494
90350
444199
50843
342069
112792
457278
380093
223419
349606
110018
756
358583
294861
217092
371762
336257
83693
278625
177071
404230
79412
436432
370775
492994
42649
468690
257189
94377
249162
257864
41715
308493
363813
300587
38155
18888
339655
159726
280112
335722
50354
89473
433831
281181
222555
108547
481702
284837
113348
214175
424990
235524
386429
423163
262279
488155
160670
4911
68189
38549
129249
83380
301381
314489
56474
175157
399471
442893
86614
74042
327088
419439
132652
124639
126888
122142
368350
193518
425170
425015
344292
301538
169186
175061
114493
38382
372706
72007
10940
94120
481283
65196
371894
296868
272801
218242
407141
48812
478739
306204
400697
301633
209654
407872
156584
236313
420463
310087
79926
29094
312277
321434
268229
460750
418394
380555
150587
78763
371431
326883
36210
160628
360563
458731
388288
336424
449539
47119
479067
424738
391184
381552
11522
413415
385925
151788
454761
455528
194170
154934
274653
416729
226674
389470
254219
36365
381064
322681
263101
117422
479522
369390
63824
402513
472886
260977
393924
204927
362041
283429
75908
317323
37206
385523
325799
236459
283735
249712
250583
324113
355858
263994
102424
79694
301745
241563
224506
80131
456024
248255
176102
100614
391787
80923
496043
435595
334603
28974
61381
497681
404194
455045
388
176078
9525
288584
291761
134542
335137
285873
161820
147119
358224
237861
375086
53968
96848
233418
410472
221784
450563
302494
329680
197110
218488
167195
199280
299436
201157
285826
151567
189414
493222
109387
359053
291651
77310
125494
227506
333332
264483
76946
282890
206964
2738
5956
316700
263705
350074
256765
103595
203495
387730
170470
284122
240621
43008
322758
311070
238943
321869
209697
495436
210475
322706
495825