1
3
5
7
9
11
13
15
17
19
21
23
25
27
29
31
33
35
37
39
41
43
45
47
49
51
53
55
57
59
61
63
65
67
69
71
73
75
77
79
81
83
85
87
89
91
93
95
97
99
101
103
105
107
109
111
113
115
117
119
121
123
125
127
129
131
133
135
137
139
141
143
145
147
149
151
153
155
157
159
161
163
165
167
169
171
173
175
177
179
181
183
185
187
189
191
193
195
197
199
201
203
205
207
209
211
213
215
217
219
221
223
225
227
229
231
233
235
237
239
241
243
245
247
249
251
253
255
257
259
261
263
265
267
269
271
273
275
277
279
281
283
285
287
289
291
293
295
297
299
301
303
305
307
309
311
313
315
317
319
321
323
325
327
329
331
333
335
337
339
341
343
345
347
349
351
353
355
357
359
361
363
365
367
369
371
373
375
377
379
381
383
385
387
389
391
393
395
397
399
401
403
405
407
409
411
413
415
417
419
421
423
425
427
429
431
433
435
437
439
441
443
445
447
449
451
453
455
457
459
461
463
465
467
469
471
473
475
477
479
481
483
485
487
489
491
493
495
497
499
501
503
505
507
509
511
513
515
517
519
521
523
525
527
529
531
533
535
537
539
541
543
545
547
549
551
553
555
557
559
561
563
565
567
569
571
573
575
577
579
581
583
585
587
589
591
593
595
597
599
601
603
605
607
609
611
613
615
617
619
621
623
625
627
629
631
633
635
637
639
641
643
645
647
649
651
653
655
657
659
661
663
665
667
669
671
673
675
677
679
681
683
685
687
689
691
693
695
697
699
701
703
705
707
709
711
713
715
717
719
721
723
725
727
729
731
733
735
737
739
741
743
745
747
749
751
753
755
757
759
761
763
765
767
769
771
773
775
777
779
781
783
785
787
789
791
793
795
797
799
801
803
805
807
809
811
813
815
817
819
821
823
825
827
829
831
833
835
837
839
841
843
845
847
849
851
853
855
857
859
861
863
865
867
869
871
873
875
877
879
881
883
885
887
889
891
893
895
897
899
901
903
905
907
909
911
913
915
917
919
921
923
925
927
929
931
933
935
937
939
941
943
945
947
949
951
953
955
957
959
961
963
965
967
969
971
973
975
977
979
981
983
985
987
989
991
993
995
997
999
703
2451
1805
4333
421
1814
3606
82
1009
4457
3966
2817
2396
2871
4099
3514
1062
3892
3625
1234
4612
1912
1555
2546
3645
1143
232
2221
1770
143
4466
3589
3382
4800
3684
1950
990
2651
887
317
1412
2872
2852
3176
2138
2094
4213
71
103
1900
1339
4474
1012
1385
3254
2503
2002
1882
2952
4032
4824
127
2595
4154
3093
72
2759
2524
4048
900
1002
4386
765
1072
4279
4921
552
767
3820
3857
582
2719
3155
465
441
2807
3813
3594
921
1640
3236
685
3755
3149
1884
3936
914
1564
1246
4130
2483
3658
1798
4411
2804
4678
3587
531
2243
2175
3007
4589
1432
135
3574
2044
3986
4766
4137
1873
264
1448
1063
1581
298
2766
2332
3810
4848
1853
4860
38
3120
3384
1068
4544
1637
3494
518
888
286
1180
988
698
4932
2384
79
3466
4374
4
593
3944
1986
1721
4761
2636
4056
4523
3540
2474
473
1857
2690
770
320
2139
1158
423
4996
70
3470
1956
2706
4608
1006
2922
3745
1232
4337
2617
4143
3318
1936
4456
4939
2955
1835
1477
1777
1439
3478
713
4732
878
2120
957
3866
400
4726
1460
3961
4789
4646
3136
1692
3592
521
1963
4105
2604
1604
4329
847
2969
3728
91
1978
4206
1827
219
1155
4563
394
4855
3841
4905
1850
2938
2799
4344
4602
3364
4965
177
892
567
195
4385
2579
4126
1603
2193
209
249
4765
1379
2321
3300
3970
4477
946
2329
3941
4632
733
3129
1463
3234
2741
2815
4397
1806
1001
3743
1779
4063
3183
41
2567
2640
4155
1681
2375
3002
2478
2610
2064
3846
3616
3140
731
3428
191
3580
7
2910
438
1156
4121
1616
2854
1631
519
1270
3542
4762
1592
2830
1750
2059
2473
570
4292
848
1763
2803
4203
1402
955
1492
2890
1864
251
4228
971
401
1453
206
1074
692
4621
4295
858
3597
3006
4406
366
2087
4758
2666
4883
2177
2959
2276
4147
3442
855
1538
1107
4915
483
489
678
391
2559
4521
3407
4492
857
3269
4328
1226
1469
1025
3852
2368
3371
488
2053
3550
1033
527
4799
1075
1537
2357
2062
1201
4878
1982
3864
4597
3521
2625
938
4170
3670
919
2718
2512
688
3874
1803
148
1381
2333
268
2349
1361
338
1267
4733
1279
3653
1769
992
3741
2356
3717
4005
243
4217
3016
3438
3187
3021
2892
3889
1389
1445
4415
4974
2129
1722
575
1819
3590
4330
4489
386
2518
212
1495
4683
1851
4977
1281
2971
2787
4549
3020
2238
1449
1672
3905
3402
3068
1093
3710
3274
505
2101
776
2316
2024
1833
1539
3643
4651
4534
349
3293
2997
1293
2708
2973
1386
468
3370
3157
2254
1034
1011
32
1667
409
1314
437
451
2560
851
56
830
1797
2289
296
2557
4599
940
372
782
163
3637
614
1353
660
3224
1729
3575
1256
4895
4402
840
13
2277
2271
3197
4559
1919
3771