386
472
1352
1440
1523
1686
2076
2233
2533
3209
3269
3406
3551
3728
3838
3950
4316
4402
4467
4743
4896
5062
5181
5365
5401
5658
5774
6070
6210
6279
6371
7148
7640
7930
8014
8379
8515
8893
9113
9154
9236
9506
10846
10952
11349
11497
11525
11636
11759
12428
12723
12743
13235
13236
13595
13696
13736
13817
13877
14148
14198
14660
14787
14829
14997
15065
15281
15365
15438
15445
15621
15756
15989
16257
16562
16663
16678
17242
17385
17776
18028
18037
18187
18296
19100
19195
19427
20017
20227
20380
20394
20749
20793
21107
21237
21414
21499
21546
21585
21608
21630
21847
21914
21952
22312
22318
22375
22798
22957
23034
23095
23186
23232
23383
23527
23832
23907
24006
24062
24618
25265
25452
25673
25827
26189
26312
26475
26558
26595
26781
26964
27208
27522
27525
27626
27630
27953
28210
28926
29364
29371
29372
29388
29858
29893
29920
29998
30027
30047
30096
30316
30970
31051
31875
32308
32475
32531
33130
33372
33540
33812
33902
34029
34251
34326
34466
34502
34849
35189
35412
35487
35931
36216
36538
36587
36675
37000
37074
37331
37352
37423
37508
37605
37781
38152
38708
38894
39188
39241
39275
39613
39715
39863
39882
40294
40489
40615
40776
41155
41747
42465
42514
42731
42775
42808
43217
43438
43474
43598
43999
44470
44913
44989
45056
45085
45165
45231
45865
46306
46344
46535
46808
47033
47077
47124
47409
47419
47544
47555
47578
47693
47712
47896
48047
48239
48263
48635
48883
48912
49577
49828
49886
50025
50238
50624
50983
51019
51209
51210
51239
51400
51453
51461
51685
52132
52667
52972
53315
53354
53536
53710
54435
54465
54590
54892
55275
55399
55511
55521
55556
55575
55786
55798
56275
56420
56459
56854
57143
57470
57708
57880
57894
58151
58238
58675
58744
58751
58796
58887
58975
59145
59450
59687
59913
59976
60382
60409
60478
61270
61597
61722
61872
62254
62271
62295
62697
62719
62939
63431
63826
63936
64007
64115
64545
64678
64719
64739
65094
65098
65099
65107
65197
65295
65297
65595
65636
66112
66743
66890
66910
66916
67068
67151
67625
67653
67836
67900
68080
68114
68381
68418
68521
68593
69129
69280
69295
69454
69725
69795
69879
70010
70159
70354
70472
70673
70677
70899
71136
71285
71418
71447
71486
71602
72120
72260
72285
72321
72611
72765
73107
73212
73681
73919
74261
74265
74289
74462
74490
74503
74557
74994
75255
75995
76001
76075
76608
76801
77400
77632
77712
77743
77866
77870
78107
78202
78521
79087
79132
79236
79439
80142
80305
80667
80693
80776
80788
81576
81711
82029
82045
82084
82178
82331
82555
82606
82607
82878
83208
83368
83721
83900
84037
84096
84127
84228
84391
84662
85519
85737
85851
86226
86331
86654
86683
86792
86952
86963
87018
87151
87226
87631
87898
88187
88252
88548
88618
88782
88921
88964
89256
89269
89905
90074
90266
90339
90366
90477
90612
90623
90908
90936
90970
91249
91371
91767
91831
91938
91969
92153
92600
92993
93009
93074
93205
93377
93655
93861
94338
94507
94533
94758
94798
94801
94960
95098
95168
95477
95494
96090
96365
96536
96835
97503
97855
98104
98288
98381
98434
98558
98577
98696
98897
99145
99253
99630
99730
100034
100650
101233
101346
101649
101713
101795
102106
102307
102329
102332
102402
103117
103359
103369
103401
103628
103734
103817
103897
103981
104428
104457
104614
105583
106092
106143
106596
106893
107631
107861
108074
108748
108816
109111
109168
109243
109992
110253
110453
110510
110593
110934
111488
111551
111789
111868
111986
112159
112914
113247
113689
113694
113708
113763
113962
114032
114084
114194
114854
115175
115517
115708
115728
115823
115831
116634
116937
117193
117499
117534
117581
117997
118356
118820
118821
119437
119995
120186
120503
120604
120686
120713
121286
121755
121790
121855
122074
122327
122564
123268
123288
123635
123668
124126
124343
124557
125503
126306
126383
126532
126619
126623
127055
127153
127257
127721
127789
128171
128332
128399
128824
128980
129223
129750
129960
130068
130248
130650
131042
131330
131423
131454
131708
131903
132040
132346
132444
132534
132607
132673
132891
133174
133238
133303
133451
133805
133811
134230
134716
134882
135410
135690
135777
136100
136120
136283
136556
136691
136820
136891
136911
137049
137072
137162
137176
137357
137400
137866
137897
138065
138303
138376
138410
138777
138814
138816
138872
138907
139268
139373
139440
139848
140253
140397
140550
140581
140734
140928
140954
141209
141273
141403
141624
141664
141788
142558
142688
142712
142717
142763
142817
142889
142966
143108
143213
143394
143404
143513
143895
144131
144505
145262
145602
145635
145754
145804
145941
146076
146258
146622
146709
146898
147547
147851
148085
148119
148219
148549
148619
148689
148719
148781
148821
148869
148922
148983
149048
149190
149463
149497
150137
150161
150246
150252
150544
150596
150787
150820
151008
151117
151287
151471
151646
152360
152386
152732
152781
152953
153342
153464
153882
153902
153908
154250
154284
154438
154838
154843
155291
155325
155617
155768
155857
155968
156126
156157
156402
156637
156729
156842
156871
157168
157385
157568
157700
157851
158146
158453
158512
158591
158634
158767
158852
158930
158933
158995
159517
159635
159920
159983
160066
160405
160507
161490
161551
161887
161891
162031
162242
162247
162869
163067
163080
163132
163401
163487
163820
163955
164130
164293
164469
164544
164557
164685
164790
164806
164812
164867
165124
165416
165829
166096
166244
166255
166306
166391
166581
166738
167171
167277
167420
167496
167529
167593
167658
167952
168141
168330
168359
168416
169274
169626
169819
169866
169994
170000
170078
170105
170390
170781
170790
171031
171122
171401
171468
171531
172231
172323
172669
172913
172970
173150
173170
173264
173625
173769
173988
174060
174158
174255
174522
174651
174873
174886
175092
175336
176019
176064
176108
176134
176335
176351
176424
176452
176538
177151
177255
178059
178066
178101
178162
178266
178351
178441
179068
179163
179210
179302
179601
179872
180362
180682
180835
180874
180937
181078
181701
182132
182482
182880
183038
183170
183710
183793
183992
184035
184241
184304
184329
184450
185260
185304
185408
185409
185962
186401
186609
186754
187095
187117
187969
188087
188267
188335
188445
188547
188820
189058
189156
189185
189293
189417
189716
189725
190826
190861
191175
191193
191512
191663
191852
191853
192134
192290
192916
193133
193238
193619
193642
193644
193692
193869
194694
194858
194936
194997
195075
195177
195713
196119
196133
196151
196373
196473
196510
196728
197085
197847
198092
198492
198588
198604
198628
198712
198755
198884
199726
199820
199865
200201
200316
200392
200452
200946
201132
201382
201696
202151
202212
202455
202541
202640
202968
203425
203435
203504
203940
204062
204064
204405
204593
204897
205283
205414
205620
205803
206362
206562
206751
206851
207364
207371
207386
207750
207999
208033
208159
208331
208571
208758
208839
209070
209134
209261
209418
209572
209626
209946
210072
210083
210232
210383
210520
210794
210874
210919
210983
211361
212242
212518
212619
212826
213037
213265
213549
214223
214337
214912
214976
215276
215404
215567
215845
216629
216694
216765
216792
216948
217682
217832
217966
218055
218140
218265
218283
218322
218481
218636
218727
219128
219150
219167
219309
219935
220018
220152
220448
220653
220870
221066
221067
222147
222563
222789
223095
223138
223242
224230
224391
224476
224661
224708
224825
224856
225475
225508
225589
225855
225892
226173
226493
226804
227686
228492
228744
228911
228937
229279
229386
229826
230080
230209
230832
230979
231727
231882
231911
232501
233045
233103
233145
233403
233434
233613
233771
233815
233867
234233
234408
234635
234639
234925
235000
235234
235368
235432
235437
235457
235647
235882
236581
236868
236932
236943
237065
237304
237311
237323
237324
237563
237648
237727
237850
237902
238052
238264
238291
238342
238592
238674
239541
240062
240166
240829
241202
241397
241459
242334
242647
242746
243093
243174
243298
243343
243366
243421
243427
243579
243653
243831
244481
244585
244616
245483
246075
246111
246179
246267
246299
246411
246627
246718
247092
247274
247668
247744
247790
247975
248491
249213
249455
249645
249813
249854
250825
251067
251373
251631
251818
251827
252066
252150
252336
252639
252854
252896
252951
252957
253031
253036
253101
253121
253767
254080
254322
254619
254762
254895
255000
255022
255464
255607
255891
256740
257025
257209
257247
257349
257469
257896
258015
258740
258777
259078
259160
259823
260197
260471
260567
260799
261232
261369
261391
261520
261554
261779
261888
261901
262149
262554
262752
262869
262882
263012
263288
263334
263395
263876
263999
264227
264757
264980
265002
265009
265304
265426
265445
265898
266543
266596
266631
266701
267015
267119
267149
267498
267734
267829
267898
268579
268788
269187
269434
269559
269928
270244
270329
270797
270880
271409
272004
272192
272202
272378
272742
272821
273211
273369
273574
273982
274204
274291
274692
274790
275073
275074
275114
275718
275852
275968
276014
276196
276295
276299
276563
276815
276929
277194
277543
277568
277728
277847
278061
278224
278232
278300
278389
278753
279385
279557
279645
279646
279663
279985
279998
280439
280546
280669
281037
281240
281345
281602
281707
281793
282247
282253
282256
282511
283168
283374
283393
283721
283860
283878
283964
284138
284448
284767
284871
284896
284956
285058
285304
285418
285605
285676
285724
285938
286212
286217
286289
286521
286742
286826
286896
287068
287153
287160
287242
287331
287494
287585
287745
287918
287946
288501
288524
288709
288752
288971
289184
289217
289232
289263
289464
289913
290238
290261
290331
290614
290857
290926
290987
291493
291494
291511
292121
292690
293261
293328
293469
293640
293703
293828
293841
294001
294094
294317
294376
294715
294891
294951
294976
295355
295541
296026
296073
296615
296733
296993
297069
297187
297244
297674
298015
298568
298667
298798
298943
299146
299370
299503
300068
300149
300235
300237
300305
300525
300541
300629
300777
300988
301203
301555
301748
301821
302386
302403
302507
302576
302609
302623
303075
303093
303194
303547
303956
304130
304274
304288
304388
304496
304608
304703
304820
304851
305374
305483
305541
306024
306222
306342
306456
306682
306976
307182
307252
307765
307815
308001
308090
308100
308673
308741
308863
309045
309207
309229
309258
310109
310398
310463
310486
310561
310566
310590
311400
311536
311755
311802
312397
312429
312514
312551
312620
312889
313226
313995
314636
315146
315192
315241
315289
315411
315903
316166
316261
316611
316668
316762
316890
317012
317199
317289
317583
317584
317704
317938
318581
318957
319362
319770
319937
320004
320179
320560
320602
320902
321253
321364
321853
322046
322231
322619
322701
322753
322875
323029
323277
323316
323364
324331
324413
324545
324615
324739
324986
325000
325030
325187
325332
325401
325436
325543
325618
325648
325733
325798
325847
326356
326380
326443
326576
326587
326609
326744
326840
327101
327460
327612
327801
327952
328074
328201
328345
328405
328581
328639
328690
328708
329052
329752
329803
330043
330359
330619
330782
331200
331614
331618
331736
331779
331897
331922
332213
332477
332809
332899
333127
333404
333746
333900
333941
333963
334024
334363
334612
334620
334742
334804
334836
335017
336223
336460
336702
337083
337177
337676
337737
337866
338067
338145
338183
338252
338683
338717
338894
339233
340156
340458
341004
341006
341047
341119
341289
341315
341557
341665
341679
341831
341873
341997
342139
342350
342508
343080
343103
343166
343228
343315
343432
343521
343557
343592
343603
343604
344067
344101
344857
345183
345301
345414
345435
345576
345708
345849
346429
346650
346996
348089
348121
348157
348539
348600
348928
348934
349266
349420
349586
349675
349720
349832
350080
350368
350511
350563
350573
350583
350707
351076
351134
351341
351406
351602
352012
352058
352984
353542
353647
353758
353902
353990
354290
354326
354663
354775
354777
354921
354926
355571
355814
355909
355938
356277
356740
356744
357047
357327
357356
357444
357510
357732
357736
357784
357842
358340
359142
359197
359215
359242
359356
360115
360284
360627
361053
361197
361420
361429
361659
361712
361753
361776
361851
361886
362391
362442
362447
362561
362610
362631
363134
363339
363369
363597
364226
364687
364794
365063
365139
365179
365195
365199
365399
365816
366059
366120
366176
366277
366295
366419
366573
366745
366806
366897
367596
367638
367760
367899
368186
368269
368363
368412
368434
368467
368481
368642
368671
368922
369401
369909
369913
369952
369974
370050
370103
370320
370412
371058
371071
371113
371147
371187
371391
371420
371423
371463
371521
371680
371833
372169
372185
372470
372719
373701
373854
373995
374141
374287
374313
374392
374421
374446
374560
374599
375017
375210
375387
376024
376280
376346
377079
377401
377467
377545
377565
377639
377658
377682
377900
378097
378173
378560
378759
378840
378880
379069
379166
380047
380162
380234
380309
380347
380506
380805
381117
381249
382123
382625
382648
382744
382927
383042
383419
383452
383867
383948
384233
384406
384439
384503
384558
384903
385396
385429
385643
385869
385997
386039
386903
387187
387396
387693
388160
388282
388435
388506
388516
388812
389085
389447
389619
389691
389719
389868
389934
390017
390181
390796
390843
391005
391098
391202
391203
391590
391731
391759
392160
392459
392480
392517
392922
393366
393393
393426
393523
393636
393681
393872
394175
394213
394250
394266
394449
394919
395060
395080
395423
395530
395667
395701
395747
395768
395823
395829
395901
396188
396500
396698
396707
396757
396768
396990
397183
397280
397305
397601
397720
398362
398529
399338
399407
399449
400043
400358
400985
401461
401554
401666
402150
402878
403077
403301
403687
403839
403868
404099
404273
404652
404660
404755
405097
405298
405620
405838
405880
405926
406225
406378
406566
406696
406889
406890
406936
407021
407100
407131
407201
407325
407423
407448
407484
407485
407782
408057
408367
408396
408439
408900
409498
409516
409981
410036
410375
410897
411101
411128
411331
411788
411861
411894
412407
412492
412562
412711
413299
413312
413568
413638
413842
414116
414760
414994
415119
415726
415800
415814
415933
416809
417288
417385
417734
417877
418210
418348
418425
418591
418654
418661
419045
419149
419632
419687
419793
420247
420296
420391
420566
420585
420596
420644
421221
421235
421299
421553
421841
422202
422455
422471
422894
422914
423108
423227
423437
423502
423528
424527
424660
424691
424798
424903
425184
425336
425409
425489
425501
425628
425784
425886
425923
426044
426102
426437
426770
426916
427430
427996
428034
428192
428357
428408
428425
428497
428558
429352
429354
429436
429771
429821
430136
430267
430288
430792
431033
431321
431751
432128
432160
432173
432195
432283
432696
432724
432858
433156
433437
433728
433816
434012
434220
434706
434707
434724
435183
435239
435262
435435
435973
436121
436432
436620
436738
437153
437698
438311
438464
438503
438618
438788
439000
439074
439160
439265
439385
439549
439727
440744
440778
441207
441528
441643
441848
442270
442312
442341
442468
442842
443078
443360
443424
443681
443986
444503
444582
444615
444710
444744
444956
445517
445560
445751
445824
446001
446140
446329
446343
446607
446631
447382
447416
447607
447673
448014
448025
448504
448583
448806
449049
449137
449355
449604
449646
450043
450221
450837
451244
451418
451547
451901
452088
452624
452807
453020
453456
453639
453694
453986
454306
454363
454463
454822
455087
455189
455207
455292
455430
455625
455720
456166
456733
456836
456933
457121
457189
457340
457791
457800
457853
457940
458008
458209
458583
458851
458895
459232
459359
459491
459553
459821
459873
459933
460060
460102
460191
460591
460993
461163
461379
461428
461714
461818
461866
462152
462330
462504
462521
462843
462903
463392
463513
463526
463771
463915
464040
464143
464214
464518
464596
464708
464978
465365
465369
465396
465446
465746
465905
466088
466243
466304
466886
466899
467055
467138
467299
467367
467709
467723
468005
468030
468040
468165
468297
468404
468554
468713
468735
469094
469330
469475
469643
469836
469905
469952
470087
470164
470601
470670
470831
470839
470918
471061
471210
471255
471368
471536
472094
472216
472296
472340
472789
472830
473040
473113
473161
473186
473643
473747
474102
474222
474285
474300
475297
475619
475868
475910
476192
476374
476476
476803
476866
476914
477212
477442
477473
477699
477772
477790
478159
478340
478494
478724
478769
478790
478881
478956
478988
479151
479237
479276
479398
479772
479843
480125
480242
480618
481891
482038
482183
482579
482930
482948
483500
483984
484290
484713
484716
484869
485165
485278
485425
485433
485545
485632
485723
485793
485811
486108
486312
486455
486706
486934
487412
487544
487615
487732
487915
487967
488036
488164
488421
488464
488529
488818
489138
489206
489589
490050
490444
490642
491044
491081
491367
492278
492676
492734
492842
492852
492881
493068
493372
493553
493590
494445
494465
494626
494642
494709
494854
494900
494950
494962
495248
495351
495544
495865
495867
496406
496497
496743
497408
497688
497862
498011
498198
498308
498373
498797
498814
498862
499040
499415
499532
499612
499812
191589
186610
240892
401299
449136
148470
65
275788
495563
318519
362632
433855
472749
469784
152129
386166
259558
83340
170603
165713
366901
153071
388590
395266
318514
448950
161534
484257
491689
140356
15033
383650
257636
381405
263979
283221
444946
227473
98058
354015
211409
241960
263419
109209
321578
117449
356611
16561
122834
332423
260513
360172
448390
187707
56430
228889
242156
88696
129498
221572
307822
231698
264661
71630
76178
217982
115090
47523
423048
36973
244785
282394
86350
299915
261181
159288
420324
108141
131139
172377
440535
79307
212753
37977
378215
412285
161660
126855
429260
426648
179555
291583
177808
53593
364667
150314
100293
39129
411478
406353
212740
321016
174719
231616
294099
214628
101276
57661
380062
372961
406231
488173
74345
220451
116407
448062
214607
331828
320300
271159
198453
49341
67187
126594
412056
426120
136640
483527
341807
355484
110426
107967
477245
281022
367257
360677
640
34873
294716
231146
470949
478485
226186
395721
22025
326067
471605
4670
294942
193928
284427
22595
351649
141340
286947
80634
458509
264040
229860
438596
125507
460717
459837
495378
337585
335757
318159
322204
338470
282856
31009
438145
113120
169377
200798
312431
431260
381225
205565
24034
11019
220963
76593
417217
308374
358013
75922
377987
720
172268
480549
312199
432220
477594
354564
440758
435329
171403
30237
338115
484452
137931
217153
228174
24491
194693
253011
306330
206378
317180
247170
37868
332716
395441
468163
459179
325595
411447
328485
3272
340040
475190
392818
252853
45577
2035
199983
163368
344127
63373
468893
405165
45362
136462
207520
310014
478737
374245
83328
496798
440192
322251
451945
271025
129721
101643
10300
292444
366456
489006
412620
380112
202422
352034
125351
41990
228864
355519
348085
56369
446590
259122
411538
119028
90096
466410
360477
475433
308856
265578
446471
349754
225737
215060
34572
36171
163418
379154
4846
74745
128490
357580
431658
418141
41774
209136
381275
332643
483208
278456
241050
287659
465643
294875
118804
435077
162463
293497
236567
87063
187054
80849
422756
148575
430791
76545
552
275500
364070
271941
115944
227005
450918
405922
456670
185353
383435
182876
337825
73161
48845
441371
326148
22817
39958
368691
109844
148848
22181
372818
413167
151651
177479
423924
426000
198309
450713
355373
126198
218134
167036
379071
277945
461150
496830
104383
379961
395419
391167
353453
75677
282891
497502
147560
431522
380589
272218
203598
326843
468035
4385
403756
85182
385775
297838
230197
299119
3356
54612
118021
474271
254360
107960
117381
356604
460898
142854
386050
409793
417682
358870
376290
477383
115693
113787
116652
450268
268421
253286
296929
97822
304547
140061
111331
66488
196242
113085
308478
485428
131748
433689
197592
75824
115449
446753
223808
2874
446360
256240
473128
364986
316355
66226
439453
351419
301401
189265
383307
487462
171125
295393
57359
173478
309520
148365
277298
68724
136551
336318
360142
453670
5545
436720
385073
483029
480635
158859
104302
423321
363510
11683
477019
475572
135934
3154
411081
280511
483922
421327
468200
104012
196107
3314
214925
367861
478158
105869
467088
293352
218908
333465
180568
350950
315766
219355
420789
499023
181694
328056
304063
316414
499885
222449
495002
282304
259301
322416
203957
435261
280752
394635
226806
486071
198140
20340
247119
81651
126371
408517
194053
86280
97233
307854
175675
412012
208660
4319
158563
120131
442419
252131
3761
171310
143013
390691
418234
3359
181431
212320
229005
240454
479837
380128
19156
185217
290384
50240
400966
483724
318609
217047
86388
60004
448106
369096
160616
399971
21797
420698
292545
84608
29794
145657
226697
248180
126455
290659
225599
344004
399546
117953
427176
316734
408318
184044
329824
83623
183452
338211
215428
195123
96018
475305
389314
29323
197814
170540
332010
233860
259713
137237
387889
196002
53452
490402
75565
454548
121267
19690
70260
446248
421393
266688
151141
84790
253883
310103
19673
308375
210923
479253
193582
213560
362669
274481
475307
285386
408316
459786
327436
297348
386582
401590
348378
180862
61440
252200
216328
437157
13259
488640
252577
326209
222222
67502
204767
246258
464476
470856
170871
459951
295709
150951
412002
200391
246429
73949
266525
294708
12872
311588
202717
279418
459223
375479
154730
108192
99978
411033
90920
316813
360622
370715
159174
346176
255629
375163
174256
252054
163700
454962
77355
488944
417451
375299
207243
388547
121734
50781
418330
459426
316217
366500
381134
253599
473406
280341
337354
382753
94610
452539
71677
58798
265202
109474
291195
165525
246577
220426
158006
428244
207415
128020
23553
331871
265749
53253
397238
88315
862
34332
127385
79199
342278
8623
369501
439615
47053
106573
255928
358712
478823
69552
451712
448306
486689
435620
116587
215919
240415
259999
406268
237248
247102
273538
68203
415478
197896
308679
437835
468540
270453
281757
312925
145866
422019
288987
414894
325391
123056
227481
405338
466221
86030
354820
91959
382393
289814
221458
451428
215083
81618
270426
173664
475669
375343
241143
62665
243267
483282
300657
426888
307604
82607
210692
268123
343621
112911
56411
248999
98436
124111
227533
348266
217570
190402
307831
457150
469893
474176
234227
95778
185226
455495
102715
124940
422404
490065
362563
92925
71157
474184
121672
260864
196725
295061
141536
32415
438976
467146
478642
386923
86810
396373
252049
232465
343060
397949
161238
89977
165023
88104
187779
415429
109540
155375
386444
296927
464868
243744
178860
86964
8646
40074
174766
52383
202791
221058
295417
378039
222648
58107
146244
108383
246171
288244
93145
445217
140653
122752
127933
204269
251359
465543
37407
372127
127091
468075
126772
65219
111357
51958
438756
320831
277058
322620
50345
361635
391151
475000
432522
437517
328877
438873
323175
88461
87098
25007
246966
301975
331598
351941
358730
362191
113785
48133
433898
30146
493413
21098
446646
145620
76956
408920
157645
371366
484671
183461
400645
339287
110523
306830
234152
286952
46174
417397
42522
284067
259113
51982
360836
425881
11493
60046
417616
70268
92116
251516
374099
223319
43726
454231
82641
402617
393330
58250
308525
419110
115907
333428
352226
41571
51214
62377
3599
12779
409035
138822
346551
267777
405533
321986
248792
396819
473211
482913
466642
290002
424159
103884
57394
173538
112686
292229
66368
339677
298299
324467
5113
62642
195054
407483
390121
65389
470089
55460
334443
439525
119069
6876
322087
293593
453379
264346
430662
485243
393874
466758
144456
359103
217
399694
109072
217696
281895
51052
404012
101615
149779
355377
238203
458611
276881
457461
397421
405222
174286
408695
323863
106324
108583
188258
145639
269693
430424
440919
177059
498887
362651
224611
108062
404943
397171
292778
319952
210814
136426
467791
478873
185026
173235
256612
178450
235310
468997
489564
141584
465363
198506
99380
371031
403528
338404
90813
51224
71195
414143
178235
46925
112257
173756
284338
156994
182272
456337
443015
492951
120305
107736
294308
172467
142995
482895
423292
80850
121782
368431
252201
55868
424354
327894
304141
231494
236121
69206
139640
149451
146066
498836
175325
460858
339730
483737
5494
117572
208217
141541
208385
381318
395322
326706
349307
126783
396744
125043
146800
334090
241137
260216
441968
70719
201939
323911
272634
272477
143098
183917
253838
352185
1970
456586
162721
165677
408614
382267
2077
323508
455505
384352
378539
152029
297513
179454
233370
179209
60638
343175
167687
295429
445940
27773
115961
88053
298027
288788
221188
8675
162847
296534
17377
172226
196590
147492
168350
452276
9650
113424
265273
210443
430213
355873
78189
192299
249937
88917
256839
385881
268203
144669
459017
120109
264361
34354
359249
74499
237413
84296
78735
309475
383273
233600
143663
74600
163912
196574
208946
256422
93929
245445
385045
412327
58481
367210
74936
209483
353299
100168
374399
95127
109063
339062
459424
129792
147500
159530
377308
345529
390063
120692
186945
328202
3059
22167
48346
216204
122886
114641
15274
44049
261534
167308
426591
172180
126030
82980
41744
404908
181445
450068
462054
322256
75891
111110
151397
249071
378279
119413
96495
318422
337632
424070
254762
445714
322594
369280
216037
172128
135663
47545
492594
122196
207531
451701
67869
253266
12478
411098
118252
108284
230665
270214
72667
114681
272522
45495
52189
32935
221716
360347
7052
227417
193804
384413
163523
229157
23929
52658
267690
452181
151522
284314
158352
7653
349488
4008
51304
101009
334720
368130
275378
130344
276435
321461
399155
488275
317702
130871
260963
292372
303448
40299
347959
324927
405732
392324
209454
298305
175762
30040
34701
229427
234663
204265
394398
353525
347911
275590
113014
69945
135218
8415
57807
335880
92412
473020
220511
753
209621
62194
83141
448852
345897
10997
363410
333507
277817
364096
288789
392710
343027
464079
312855
17594
360874
460098
234723
79569
197194
50362
326864
249944
111363
334537
281355
335088
447937
36012
413725
426677
171834
371510
169936
480763
302311
55819
362675
185119
494140
146463
364548
248925
11730
153659
176203
213787
376469
202490
72303
434255
491774
413692
178616
382608
107790
26856
18188
317514
135725
163622
193843
77470
61775
421390
75247
78412
3076
479948
296637
250154
239628
242548
379094
368449
14260
440132
260878
118930
38593
236759
51442
40129
92914
90657
463960
110000
89332
358850
347673
309332
245149
228899
29145
212476
420878
383751
146399
479711
316546
47285
427190
17281
78652
279938
329544
11265
175099
449593
324524
214459
56442
487165
92532
260184
307214
187597
446744
383186
285891
304557
439407
313666
56658
315827
387168
54444
145942
386249
357227
312635
94994
477422
227130
259750
424595
281591
457371
396539
173405
459540
211486
89030
357661
100508
157983
497212
19136
217034
35425
413234
361978
105903
110851
301241
173336
226577
288424
153335
219615
88184
95788
93049
23318
399436
249720
8599
444403
160053
324417
340844
288991
164702
131735
147539
352936
141911
120177
307933
88610
126651
401997
129339
258006
156247
148515
367947
418388
196897
439134
203290
218242
76495
125839
166941
291121
231963
227780
134903
142134
100543
431033
81223
464867
224598
122847
355666
429993
124163
498424
409812
297901
302849
301217
113270
89057
377708
317150
242133
264300
349130
120056
420338
284810
13077
237780
218098
438860
205104
233695
450583
447079
64072
327947
111875
342746
193368
298662
431268
199672
424378
202124
208261
107448
481476
354514
57179
218762
390796
41968
399786
429952
73495
331859
425118
485849
484068
278856
410349
355803
360115
221484
260547
427711
114488
476480
24819
126989
229505
422148
345879
323889
494592
286281
385223
158868
95531
390166
144548
420892
239331
129566
57488
160894
497204
174628
127380
401821
33929
469514
269682
14106
402723
212421
304366
10286
497591
196943
479513
121046
410870
328221
181163
127557
136947
492013
214510
383233
391893
48075
318524
28172
118842
334206
443889
130035
43903
433482
379631
233950
71822
266081
359286
275121
71346
71649
382482
13028
495569
480042
352739
60954
370264
6022
351222
225496
387050
289452
402899
320218
341556
428193
438918
234757
99802
37222
147168
10550
276126
450618
353662
325903
64985
368479
54536
150740
400139
184959
392962
7575
11507
140905
257559
282231
62176
464736
425448
343952
388948
130238
247558
451471
481606
268085
474451
185895
110840
138473
214454
143647
346259
421331
469682
310745
306978
424093
111145
447276
5721
342114
143088
425136
346866
184338
225421
341783
363711
219737
98790
99165
201611
73242
430836
281456
280231
444072
254192
465663
458420
116193
406650
203801
440678
219164
25498
416957
61878
385281
368613
246310
89810
380153
141131
119910
348474
498550
393231
120715
494589
295801
77821
364622
283506
349623
135506
216875
370428
361594
56902
65431
378976
68719
3941
59260
203352
22467
35092
307540
218419
97373
124466
98074
15424
202457
458800
283386
16148
71120
86230
377711
301435
333074
100646
329636
53129
445709
32817
444878
15171
346560
469917
126908
254699
424983
256174
338109
292269
316507
443768
37708
420642
73806
381104
487408
298290
147290
125685
228391
484448
487249
262916
195875
188760
198778
156741
109984
371575
462038
215616
375550
275092
362462
485680
122937
158803
90215
424297
16595
416665
27375
191857
201819
239454
341475
188928
153498
192637
6256
26898
479547
345212
228928
83524
118405
115307
142053
206622
4430
156785
233447
98642
408104
134309
157523
336411
159598
228445
199551
98337
106667
104525
321535
135036
75690
204950
55623
441004
97556
475839
293760
88025
61862
389617
140452
288346
214620
63215
6954
80102
496332
447525
17346
126233
913
376824
129266
231827
448510
367067
123082
13993
18421
387523
367741
132883
331860
349871
433872
311629
378717
25672
447146
152427
80133
497649
40644
374747
370514
300741
461278
251838
298798
431207
132480
312135
36129
255215
237023
228192
108953
60482
399703
65706
224034
137362
342546
319310
426412
461618
93777
310602
134941
4119
469177
387069
4176
34265
118509
252951
77811
159965
477072
159853
329137
47692
79730
298056
243284
403844
8537
315823
262319
31044
189740
307155
10176
150408
431907
62069
100039
381331
267836
276866
59859
56686
179407
315854
350860
399289
100976
281008
185421
224685
428468
365278
412826
107336
464140
387473
64911
129552
51543
419356
473405
27391
92841
261123
160810
101849
473630
105960
267620
368601
482427
480860
153927
204345
102538
237702
85320
158622
457125
438202
434599
408081
445778
357860
254096
225241
1792
454071
76844
391431
278666
421919
219644
38171
226703
388154
115740
276075
118250
150906
95700
335159
296242
397963
239536
247962
41012
353619
301724
122045
311744
37295
374180
325267
81617
213461
153421
428422
365746
259688
429015
400585
107073
221498
50373
109917
59774
140437
496080
332517
269275
266136
71093
26525
260324
189181
81117
260823
165111
183069
124286
207655
36754
37517
278217
162809
428988
22975
317166
222967
339664
134931
159647
178000
256917
492256
430773
487987
12912
134434
434456
78623
266366
235256
169351
68641
201588
292123
303426
204581
183671
73953
64813
419238
363260
261644
327586
414348
250002
453061
249674
416267
484502
166839
9738
276833
303838
136344
52058
446582
171492
466051
352116
310994
315756
108173
381711
100133
378018
5471
459718
281060
55994
358475
72559
389286
52329
80424
32626
48402
6894
424907
310042
104149
313501
374172
55866
181026
135110
336464
103464
352269
37048
229006
83254
210815
7029
34529
161663
371688
206257
172129
524
404803
473131
106695
16677
384774
104952
406471
364934
10366
188545
173132
376276
117301
455706
43013
371896
443827
414996
322064
139534
94062
335292
244497
69123
405854
437302
419609
1092
174136
255202
20539
455974
38942
335478
188394
434057
431264
61982
26150
173786
138611
323250
119303
26357
396678
318431
366093
95806
154827
440189
393572
3750
55253
333512
363948
412904
428943
73416
344730
236104
299753
385769
136940
489526
479511
291489
438428
42409
267048
55117
453355
341937
465145
116902
32496
226834
213936
343998
163866
214997
345262
382644
243821
81649
197469
212143
217404
276828
420569
461339
87199
167398
163185
491589
67810
187810
168168
218557
42520
387987
244043
55899
101193
193008
321164
155085
191185
422487
249734
124215
201662
227955
487225
196005
385513
493498
237486
306898
450103
299780
189903
290148
448275
155627
410201
11390
112560
164419
234909
499657
134135
89283
6680
311698
486367
66085
368773
67756
121050
412761
402676
61482
416786
364511
38242
140604
372553
162072
347742
15647
479866
293059
43839
246660
69460
329548
99812
130265
485209
131228
139822
44833
345541
216735
374421
117976
85586
183280
196961
333043
458304
160965
413104
40463
182624
1779
237945
105517
382302
48416
20181
204909
496453
394651
125461
131915
483965
469136
400723
49382
303157
393923
494810
213116
407616
12042
315071
408860
65126
496279
175343
302995
53033
53031
173471
43199
37110
27568
357277
185980
404426
451391
297627
268043
148347
81467
102132
17930
179834
334345
457868
410100
214048
497621
16779
8257
170893
202284
477667
152396
344786
271965
227010
206701
993
127755
452303
421965
305459
384197
167791
456788
457204
235566
382080
482369
276028
487199
102519
175910
415158
180159
469629
473859
346425
362035
96965
371496
46607
98205
30666
249858
431590
342895
129073
159214
394904
47908
260161
482949
82455
474232
243669
429912
366069
417072
143637
403461
467426
237108
483198
363607
280838
46898
374791
191067
298763
293385
104715
329833
255880
226085
404812
338868
307101
451565
297289
266616
475697
389193
424575
138719
229073
468013
314245
403534
262403
413718
499843
182599
380856
178331
240615
307348
127122
329784
433942
427601
255548
296626
42927
347268
202045
204582
498121
113290
159830
174288
70292
289874
406737
152537
206456
448353
331696
36529
167175
51738
379713
328437
491034
391716
175879
414729
432254
493223
472828
57708
72167
20418
171258
232062
102554
166229
412549
361217
175038
426893
188013
9699
274992
393404
102900
277781
375597
304115
433268
171154
74742
297334
75491
467758
488350
208256
73412
337899
223147
136066
181901
437568
315586
21218
400919
123701
316218
267749