436188
274958
349298
238336
41718
238326
392280
412718
230462
286104
498788
168564
27342
309810
54626
317336
163142
100368
263312
366532
313352
161888
492460
114642
279408
162084
343198
103620
23962
340650
154414
152868
431606
213208
286892
369070
190040
437878
333122
67200
392046
48554
69736
32022
316410
140750
58620
418676
172278
477342
197428
371920
6592
355534
88146
84558
340486
220552
461712
361216
62406
492356
394230
309198
471914
363174
96418
175884
332046
401550
482040
119286
63862
96440
432648
9426
494782
48720
313474
27504
228118
89292
269520
99338
137716
453034
187000
82772
257658
100410
258530
23492
178982
245624
296752
456166
8994
81070
363456
188586
392832
250058
30508
373032
175642
457646
185830
98136
26558
52970
448362
229754
455348
205248
281160
274572
286950
116004
153564
148458
411426
104540
354388
325006
442498
62234
30748
10978
482190
281530
481770
152190
159982
175694
347976
469108
91614
346572
184864
264116
243134
80330
308396
235424
348882
262052
178470
381064
303530
159464
380110
295424
131272
149894
206972
372082
130356
495902
94748
207500
226514
265154
135368
308144
382722
401886
496636
203618
359880
332342
47386
228410
488734
405958
377036
64930
412360
335444
258872
76578
242730
40166
253620
333254
128364
216518
478684
162628
417216
215548
489394
365908
283712
399546
232772
408168
255486
428758
189610
218706
99180
153314
26282
137958
139448
457480
3728
307024
327026
422770
185478
421230
374994
110564
381890
393492
2078
261192
264748
178070
275676
270838
61294
490326
304346
161904
431458
266242
6158
257990
424462
482188
354106
26676
468022
344768
248942
275202
289106
141356
157564
64846
472636
495176
352506
24634
147034
8620
47048
192858
181498
58058
449498
1448
320852
124520
463258
174398
364936
249826
69290
195472
241672
264570
485728
176666
131424
397706
410474
321654
334638
301274
103418
53714
328796
269034
213516
353054
429906
358596
77342
333252
181966
7088
451966
374382
237454
25220
167770
467042
424788
227774
216260
290068
120064
1866
404904
353296
359032
407758
234308
239512
484498
447876
330682
342994
323742
49610
424624
31354
169338
378560
10674
370946
261346
19306
314662
467830
409900
183624
246084
391388
203392
331242
118022
11804
21106
247650
292492
457212
316578
278220
251226
359978
333020
460756
464278
379336
434112
23598
405076
113850
96220
434870
499750
34552
439042
238990
93576
438768
89828
13430
300282
115886
272064
133062
108434
186144
234926
233716
440466
460814
247850
206354
311480
415686
51700
479948
291556
421134
296176
326472
440024
335878
17550
408024
11022
447550
488678
116648
162666
180116
97262
39188
397212
100744
38010
61542
366614
240398
128086
241466
137676
122574
251118
62250
49568
33454
311340
37628
405810
448354
357012
339542
475492
18516
346254
455816
730
110140
324346
137410
10810
367908
429750
462550
195742
256786
221042
314918
434298
260416
105762
69634
411988
235564
141572
3894
484000
22732
496436
263572
243136
306132
361736
228626
11462
321926
140270
244548
276604
61272
331052
204398
296874
350256
365392
153890
50572
13310
86556
66006
16520
8312
265386
107934
19206
116962
71682
394350
122052
436390
275590
230948
310958
329900
37494
175004
156200
418908
185190
90904
134240
243944
360236
490396
490502
136108
273704
181586
143542
178134
262182
98360
265000
440114
122748
145328
478422
130722
18812
221636
405886
22952
351772
278656
333858
449734
495754
63692
275992
474630
18676
20296
106868
469894
228014
152412
186228
367796
41864
423230
292184
40040
444232
321330
251818
77792
245140
223988
104890
157208
163952
243880
43622
470782
50240
480654
40198
476104
475742
105092
21584
458384
158930
430074
148122
51204
405040
457716
171934
457970
120732
36496
386160
95826
81052
141792
358066
479902
201082
110366
106906
426640
22726
67500
116296
484644
387934
250906
196716
226564
316220
301474
129958
294792
122680
211054
469476
495364
453102
352026
282568
137478
170504
332664
327690
339064
206828
88010
75040
126464
249190
421064
396566
143522
351968
126676
293478
330974
449038
487994
28660
420476
360378
304890
124360
120592
8960
18778
183638
411684
142108
192296
499596
133536
191176
27028
53610
445202
259594
69120
150186
134990
300586
384976
122744
314450
417666
75326
320904
321134
261638
155686
73966
318570
332984
146238
172150
29912
153926
187344
196732
363636
332366
327260
135638
486446
117898
28378
30974
248956
375514
232828
362362
194962
254638
69126
359058
132160
142372
282306
207942
225050
442
371388
408048
153122
108820
80138
366942
475060
357394
152762
430344
479752
185646
174744
119716
21028
351710
180894
478340
240152
115348
186874
362680
460012
333442
22072
57394
76288
162608
495630
392324
258586
243280
248836
371798
461078
92236
210204
283376
204906
111202
169856
373784
66774
161080
351496
475536
230594
97240
365442
330880
342066
396034
244648
29426
474922
60348
307728
360846
222470
117282
186924
425266
87324
385470
469942
59762
305282
308722
437102
241042
344376
204046
284286
290162
10374
111424
345734
250970
54
418272
485740
3192
227102
106404
267286
97294
116574
494360
244670
295096
2422
462858
451666
199198
138454
455854
50076
98070
111722
344278
111186
332232
111628
328540
330508
45096
107016
54522
236596
49560
243986
183794
447214
38302
15256
485522
349174
254770
379690
201268
350154
173128
243082
413732
172744
200816
327380
188550
433950
279156
281042
288992
356732
490842
375262
176514
480174
52496
69340
213338
296540
424246
236678
338444
360996
333052
352068
274722
478006
363718
464126
370214
91368
305852
239310
331312
423366
76502
209200
419184
159836
472916
402720
326966
250322
99274
419412
376062
404244
396610
123068
320248
54346
29420
312994
407620
410334
184504
269654
328136
163396
65542
199576
365000
62246
222916
121104
450474
408164
357652
407992
200760
16510
239902
319470
322448
467798
77608
125044
143266
129006
484378
15666
134236
321730
227144
379288
93778
30320
283234
130490
335908
296054
130998
231772
347426
98482
472080
175368
149444
412498
32642
23470
366276
381678
19968
55650
420836
448886
204294
208066
425760
88320
116370
75548
198894
169868
287616
427184
207906
119816
479878
458906
376366
365538
49512
128674
334654
485698
380244
97506
475318
349990
321684
389260
278732
396016
345960
12862
30802
454364
236650
426972
245204
249276
351804
312262
339394
196578
475700
294902
56694
25724
327278
374182
120
209486
296188
132262
168684
266162
195620
323584
277572
109522
281142
461746
207396
143778
152336
35488
266886
111086
396224
75614
306282
72220
463590
139406
441070
492224
307434
334604
197908
110962
164830
147524
202580
218902
194698
87500
131518
284630
74562
52886
300614
11438
248008
208908
168390
307130
262372
109626
353504
364188
471824
384632
283832
472180
332386
250098
120828
242116
362342
185926
231528
251090
23668
333408
284440
110682
297648
303036
30554
258642
119718
173682
389198
174362
44556
135558
463278
290420
78302
244928
92878
298286
221816
81176
82824
67760
70924
61648
251634
398864
210000
179756
293762
334610
310604
298114
96880
238334
325468
151902
75978
276150
256508
495586
193320
79224
63910
496826
280442
56200
202240
16180
188432
463580
225744
15816
247102
412296
251736
309742
259612
332720
128170
449630
298710
475920
384516
377756
215364
146614
339242
445968
207416
38504
457978
23700
117920
127762
220476
392066
340774
317792
139462
387398
219738
15056
101686
217300
284496
444572
195480
417784
22268
129932
232520
269138
46462
354222
82948
322562
163782
64838
2470
420046
168166
269898
457456
1636
118438
403658
239946
295474
443422
5716
63702
256910
14130
160608
221650
115042
425970
55956
442394
282560
72900
492590
330684
471266
423860
341900
108330
141334
61484
485386
315232
223218
5602
24416
273566
382990
295318
23446
56586
427112
18636
264510
498996
266592
30182
25758
85334
486036
6826
19856
253202
124264
38732
7708
436748
483312
176736
38784
330276
170456
250722
265570
441740
324876
2220
37704
477100
497604
397330
26246
465128
219924
101242
101896
468098
481786
98832
254610
106310
178076
275180
94042
188008
20362
473412
25706
429852
148148
91922
478474
300508
383488
316328
25412
349132
309170
84292
438946
26194
87524
164888
153998
434
305562
258622
182650
94608
222238
416880
200486
106452
460816
50904
297172
29704
117490
189736
236300
398072
265260
387344
16666
238086
349046
149510
315042
207154
230330
69098
137516
6540
382530
438116
98352
113176
124058
144790
148456
149076
155030
87610
324082
482722
295810
388940
68326
261586
208346
422080
187696
431580
27280
92688
320756
44644
404170
334934
79034
461622
49034
476250
257546
393912
484538
23008
24082
236800
431702
299956
129860
420336
355476
120006
73616
166994
482576
377438
185986
336756
15936
104550
83184
271312
371446
493774
434912
178686
449372
203106
157618
282644
286506
49352
126972
161424
392876
208488
385380
164626
379326
452100
320560
440752
496708
33274
290884
298726
209104
301272
228286
438674
430462
444790
59812
117318
215878
360424
462902
226684
351618
363758
222654
449532
440822
187526
221212
20750
64586
325330
216014
167574
42782
61786
407120
471396
297380
207198
25138
59262
45822
336234
382338
224654
416542
408374
499234
473344
381608
94984
16432
275588
21254
482162
237018
315516
402002
25452
357070
194846
287072
211586
58208
120682
420720
58734
346186
450130
452010
343350
282512
449370
174082
331850
451656
417246
397108
316344
23622
296354
59420
7228
381524
153458
54286
288846
258686
423274
480120
145462
340236
336630
474906
48022
319706
206392
65274
449060
365562
436870
455056
163612
470124
26796
461034
439696
107986
187744
283166
365500
218738
54444
414916
35376
280322
322306
109634
260346
408436
440256
430398
9544
127536
327522
61802
351450
358192
464216
349734
367954
163826
108546
102458
236772
314254
334528
137272
19996
402874
456152
80618
132326
428990
451600
158268
365932
452388
245278
7282
165810
491804
272914
399728
66540
332840
314840
332362
446290
469412
94504
176102
397394
319320
433664
220016
118372
283206
286508
192580
85344
99546
448220
392748
335064
366674
398808
65892
142408
228448
286438
119862
6580
149170
325404
120154
166516
85720
79656
130816
79838
374128
200546
271916
289200
51120
413810
562
90862
453814
148008
424710
284362
207898
213920
20336
305190
173080
336086
23372
138666
125520
355626
245866
251482
483244
474760
339084
424552
393402
402186
139876
187586
329714
107084
193974
62364
120162
252222
57814
31280
30912
22716
467658
397908
443276
116572
436752
310466
25778
229080
12020
277010
43172
99544
6148
359236
11160
166176
51588
95624
327420
249880
216626
413150
65956
71600
265088
12688
202446
10560
153984
199994
62742
422430
426184
44912
483900
365832
161046
296314
369382
85270
180838
499898
107774
170666
427108
276106
340848
94482
69482
79354
91196
337444
373368
419150
22798
342822
412190
145714
498458
108252
210108
431526
438426
261118
106558
412222
38016
190488
111764
114660
144896
369112
82972
473388
388632
101872
346484
98930
197326
432358
139902
111054
335030
357102
5016
462046
245752
358202
446938
415248
279554
27304
385544
3108
233946
131986
52082
355152
221882
377758
490830
302166
17134
497524
33090
259564
70940
117616
362208
212572
237212
78522
275438
178950
111798
497708
315112
77810
263718
265204
383814
52892
157962
37916
216168
164014
55142
497442
141950
232188
241614
130318
364842
21460
488968
208894
40484
284966
407296
379080
9136
51268
241920
337232
162772
194924
136526
58148
182160
199952
98732
255264
337816
227556
313650
230806
333718
404678
73462
22712
364432
201232
124716
333604
474314
370548
472246
337262
128150
159882
382688
438956
438352
59854
106454
27644
224708
145800
226560
323138
145182
162216
99486
433798
325802
200878
280794
421886
436104
481024
359838
352540
382248
234044
256860
454422
355856
278684
9666
360982
43430
241596
172508
408458
135932
489904
257220
365418
145770
5042
355396
414026
145224
414976
239950
38240
328244
288016
313662
341754
476990
112470
475792
105990
177358
151204
428742
395390
70330
234328
49334
405456
325158
162092
392044
292296
73258
12072
216434
21922
345870
103850
202150
343702
102848
99874
312674
339900
154868
267638
349206
355638
224960
52028
69518
317610
488072
443924
217540
220448
123334
430322
146364
279380
12194
34154
59536
175440
411736
311464
375614
135592
75098
6388
340
471908
58980
244038
425858
175690
145816
50302
188110
12896
242332
360972
213760
480146
214738
212602
457228
256434
337966
359138
336788
94726
229440
427332
125542
60910
52382
457486
173544
142666
213128
313880
21722
21810
147234
493004
107580
189198
379902
67956
355778
475628
53192
376216
454192
72920
250374
452378
158692
100662
301678
46618
266970
456242
436084
213410
187010
433240
428052
303482
200208
55432
45182
349624
270114
236318
102954
1992
301240
131992
153630
326924
66106
153022
95726
407994
1120
30578
411606
357160
201292
300480
462310
151938
427092
191820
349076
442196
281148
378842
441308
417670
217494
56412
83886
279948
350502
461152
198658
326656
26566
2082
478710
440654
469648
353972
241330
26790
324322
235120
464790
393920
406096
52988
450962
35534
390586
368292
179334
260902
258978
324548
258374
492578
191082
338566
390278
247322
67132
300196
2626
324494
283026
387252
250284
425128
145322
453114
236870
3938
474868
114168
434578
1508
499862
426116
405868
453536
337406
214558
173614
342364
333546
159682
446114
308430
12634
224824
11738
463156
128976
250988
414794
324234
275474
106396
169462
299644
237120
71662
436836
349048
211282
304096
404198
28148
447930
286048
158546
426562
383296
183410
139052
424556
359064
444176
176648
460786
279922
53798
376294
106410
129242
337078
108118
229504
364468
399952
245746
266132
56976
237698
454616
83086
23986
466650
154574
260216
84290
394774
405922
11886
232350
409696
440614
231624
451872
172922
158426
331780
82806
359616
179376
463138
185696
457698
40514
468752
322068
488004
194490
212346
495288
157094
224912
241516
439732
88526
119426
74546
86190
48306
49470
482626
164604
66642
288310
431260
440022
13688
62028
302162
286308
48290
386042
23548
126546
417572
1728
254054
235078
48820
316980
161410
266862
165574
9906
411926
92042
230716
458664
121404
498984
292722
457108
42256
475722
160746
336580
323358
109122
43350
333904
455600
42828
250010
393520
10242
318672
202228
232888
319554
187606
429806
29388
271096
119782
121186
384406
405644
162774
24908
269854
340798
257404
99464
83742
281322
1216
407680
156786
57324
456812
268166
37324
247762
386036
48394
465152
395978
289430
153906
358744
20224
227380
207696
258924
456264
449530
39644
77774
175088
439074
115490
278810
298462
473094
339380
477244
124382
172422
82632
172036
41626
414778
410820
16732
228004
115198
189404
88304
427638
181624
291414
79926
431766
403216
215036
237034
14070
397392
104342
374288
363022
441874
223640
299020
294966
383624
195470
446922
464542
58242
222232
38352
416732
145482
352850
352564
95824
218494
385198
299674
161386
280052
451136
486326
247348
168008
206540
281880
366030
333348
224062
375820
375772
108316
349758
385070
480556
340614
271512
68106
335466
12832
95552
249554
242026
131470
171024
72726
208676
189152
157990
228630
288526
333182
439914
18766
304922
376166
319274
195082
316432
341468
301732
266466
165496
404608
229712
350072
28226
420192
266410
195330
187704
351860
139232
146514
48198
243142
303308
107238
491788
2496
153802
55050
480378
177438
129556
165440
241884
343380
444256
247814
192168
19324
304882
41380
84514
258600
220904
349968
159130
299142
401360
214896
391694
374402
176106
144022
486826
89026
85714
418974
323418
52764
74170
412860
478304
234352
272882
248198
439438
216548
89570
233310
10726
116452
442322
94888
272912
163832
296714
29974
24764
261640
224516
383980
404122
433474
138590
284500
227508
227278
240896
112084
42174
2930
106296
209180
148488
95972
385986
27310
446300
347950
285684
149504
446574
169852
81314
311958
428474
54932
86530
237950
478264
149994
106656
156944
366426
132092
98508
389684
281814
174846
159282
390790
328224
11922
195336
263172
380480
63216
78506
43164
77114
149530
190604
162032
358198
263844
147594
363254
51908
349188
123322
245724
326388
275356
52592
215836
128704
365864
233944
254142
65498
272978
73508
157720
152726
312228
416530
49928
72722
451978
233916
281162
281150
137680
23810
282524
250902
461354
391442
272158
242866
388366
226784
78138
380642
1708
356514
185650
371058
392762
378976
6786
60314
494568
383040
398460
16456
189558
67708
182686
130070
188760
144842
307062
146054
95830
178976
217036
155546
327406
497162
215954
373968
290654
463700
301218
250384
384712
200500
150068
379330
136398
272104
35868
327746
416832
30798
399302
13462
460762
331038
330842
127678
114730
161048
479490
160714
397884
389056
139164
279296
479072
193122
283830
443782
73460
362332
26800
494052
208586
384688
331020
362076
255748
61380
18328
2130
228814
329756
338084
303006
263358
2474
10322
222128
214832
194000
222722
312564
283216
370102
91898
234866
107272
62346
195856
236464
313064
68928
449548
91836
293130
475150
84856
478068
475948
199922
273382
444528
171722
21976
389858
119386
429086
273246
449084
37962
227232
294040
338624
314548
84974
147232
322352
28316
458642
193114
163296
447262
432292
206334
366114
58948
25734
81526
108280
378874
294448
141952
190812
176126
391570
16478
72352
404392
496978
41090
158194
73878
492412
114448
59012
415936
311876
3764
198418
41670
340572
88374
283072
160336
171174
349782
44922
464846
230648
7834
307594
287144
23740
428346
257434
275748
250092
87382
63724
454964
324574
346102
224496
27150
228212
172894
392918
46554
131736
348894
221628
238594
73598
494112
25208
326222
138902
216806
218716
147812
382994
7084
468162
68720
27468
78340
445972
33154
170688
153568
401856
11706
418666
2420
272742
93786
332492
445216
135480
358564
244488
444864
184154
270254
228656
172854
43492
131444
106198
240910
42106
294914
362654
405846
102070
356124
201306
45746
108966
276922
114608
308248
440558
301292
251718
357602
29606
497582
259920
494324
227388
132674
374130
109736
203572
129832
146176
192852
150192
190916
186446
122530
233456
384026
207658
263548
130666
112782
216454
497156
396112
286462
40388
384492
318114
443488
324304
15756
235786
479216
14408
435040
468206
139148
249574
23780
284430
324822
103062
373538
134474
90760
134140
116956
65114
410736
295380
308766
149512
211596
373774
311536
108722
89638
88490
60890
429142
447558
4738
419548
82506
263182
139420
214694
415336
145896
481748
56712
327194
282584
485234
422320
475268
199298
419180
333372
279314
127824
33692
320730
246396
109268
149626
113220
378620
7654
210142
280956
426660
498334
449886
150892
424128
452948
429080
351538
219542
470348
10832
222752
56544
388840
15076
286260
137430
28448
326960
136122
335868
68304
403580
475510
195904
85280
434730
160020
23754
83834
80810
416276
184576
433954
435466
343620
250870
55596
291292
19010
294634
302828
53066
85190
367238
327914
66240
114618
384104
299496
85120
112762
240284
274804
175344
362540
249232
360266
130970
461186
74182
292910
492062
67364
282860
465638
77256
139614
290582
309996
131880
91140
225010
291650
490792
302392
74464
361582
478814
326598
481218
277240
430716
446576
150668
365166
183076
133276
50620
21680
243646
380582
84448
350642
262450
98982
482982
477682
109838
394740
64548
65110
272866
11254
336336
267342
321642
355764
225556
440250
478758
320598
55084
43942
49256
462652
1670
222958
93676
217922
252786
219686
119594
494858
5848
4098
325718
259984
231476
53186
412350
237224
330688
329376
322556
155132
18780
259550
93520
58562
362738
306160
293274
495710
81646
385554
93508
111914
310184
310352
163278
286680
439886
223172
303800
88252
422818
253198
460310
428536
99160
169904
12730
437310
275064
401422
64330
479242
96446
128280
475670
108014
452178
69722
296758
299228
429582
441278
114234
2888
251820
146414
439400
333584
312246
93788
470854
222002
4622
256320
356038
425300
37264
257436
197034
211696
427836
404682
149834
337842
478882
45308
282098
329706
265100
58974
198550
91236
324344
210192
367722
384502
2994
158602
143744
69288
330960
114162
328310
485846
389932
151750
319542
47508
194862
328568
162360
382358
126
243728
12904
9892
294702
452468
424924
310988
85630
312738
456074
323850
474688
55634
41004
257740
156744
386396
192200
396324
73914
21090
274768
82318
248348
389824
206136
317374
83284
379530
4536
36860
91906
105026
190834
137998
39026
249510
415992
404640
471766
306596
163630
418794
282128
478084
315168
499306
57884
43354
170306
97512
66012
285192
124732
447056
215528
39154
400318
98746
474258
413570
349928
354672
329158
76596
125620
239966
369576
150080
158704
401666
457538
158628
197108
44232
418810
79898
355502
470954
226512
113812
184040
378252
109106
180778
5648
141100
212386
395976
102752
116196
163454
59866
266202
336556
410400
114770
491228
363004
252834
58074
179232
265120
148516
326620
64048
483574
383330
369562
492918
49644
127982
52524
238666
451448
146578
309488
451782
487666
396430
14510
369878
97982
427740
293594
23592
61408
347606
80506
291326
430472
123406
382698
290596
259794
463836
355926
74760
479320
262794
134298
344380
429232
234000
200218
444526
116084
115516
48176
413340
275516
263526
483758
119374
40486
497750
304580
371702
220312
259584
89168
126492
314276
177634
217198
65162
421066
243158
245508
169188
282000
453706
113362
298746
374172
462356
262516
394158
181556
268120
91696
376090
121470
432482
136292
279078
252920
18886
204310
187100
157212
417322
213826
431010
172540
473650
386062
277266
115312
32704
441020
256726
372478
381086
130598
231526
325690
233194
24382
386856
212434
303094
175644
315066
392346
347326
61018
475676
203686
304064
465940
494748
93968
336104
399586
129476
197862
218206
194830
453918
310584
35314
238320
75536
228244
296320
409296
168504
459306
156442
473828
477214
290372
325666
44826
375874
454460
90238
434340
398960
153208
105168
143858
413742
205566
22120
303140
282360
426144
476370
168632
15366
335876
122688
208918
285604
70780
172680
202136
209790
162310
44532
175422
493974
395610
209936
455760
110592
209182
213226
325586
297754
339754
10484
370772
189586
464416
452952
274404
73560
274822
475768
51548
295840
66870
240688
102042
242456
140640
297246
151372
91598
5852
43780
337442
236652
488374
434644
328556
385164
167454
328348
73958
40604
470518
142456
254514
370872
259506
85540
117104
49722
438264
271586
277752
395362
486470
309014
372250
96812
475678
33210
157480
444126
371146
132598
293344
41482
158504
73324
358898
42328
163436
329798
15328
435996
387882
88346
342766
479982
363076
226170
227620
389136
481812
16026
34166
492434
218594
240462
184080
305536
196420
451278
437742
160794
81574
84522
102812
355272
332272
248106
407176
297440
329910
128656
30500
45270
232878
309344
384246
138504
7910
188108
356650
5176
185710
431984
92132
278400
404050
419232
3364
435892
24288
341722
145492
226294
146698
56564
233212
111804
164608
240850
224002
35156
166074
228290
110712
276822
487220
70634
447898
235154
209672
180102
31696
152814
309904
378918
253154
330438
267950
218258
37378
222522
43088
126504
292212
75838
325318
241376
378230
103692
161246
365334
227086
39822
393638
496210
45640
166776
293312
171492
421970
387648
271940
415540
16398
452330
475694
317726
170670
46650
199584
138644
248520
39842
387712
311830
181658
159724
156592
230368
411552
198802
482390
115524
117808
439404
479870
67280
71066
203944
36356
188696
477982
48066
392330
495100
206426
28162
139342
271692
3518
80126
144392
136182
70786
244854
276298
279328
360790
405392
178824
282264
385150
85306
2890
71760
234016
459070
99334
323526
99538
175378
131362
135726
492980
483962
269210
205316
457244
364972
250282
446596
147864
276580
360062
82940
175954
494312
37558
218402
147572
193476
313812
397350
480776
217728
438962
474324
306778
362028
24970
90854
468562
19434
415802
361306
113674
344630
35348
145802
239930
363128
196166
97524
157692
298750
205222
474322
435074
79980
319450
309430
42124
42770
375774
24568
310822
447598
157798
85956
342206
473418
24458
94892
497872
346388
186552
27348
205040
248298
146000
115846
298336
373724
243210
288392
35384
290686
456956
93972
349180
473760
491358
166016
5924
345756
349532
387294
182738
347180
259532
80108
217554
198870
270828
103464
268692
177042
287626
435336
153238
155260
430548
181644
464012
405814
263436
427686
35306
73696
101274
143194
392664
496842
55184
408320
232134
221178
383906
190762
40066
478616
10566
429918
123430
29278
159944
318732
355388
429600
17836
321038
126714
343048
313944
203052
497448
428966
227374
447916
332370
409554
435842
360512
147436
36416
43688
425024
317038
10954
229104
459564
108082
105130
451154
240434
63076
468014
420510
250508
132928
170596
449692
254920
469872
410716
499074
77888
34370
354128
369594
355292
20338
17298
306536
277870
311168
136824
43386
404668
434236
476220
165490
3860
86784
39636
166090
264320
405720
38648
438762
226032
201962
208622
285352
299626
204506
184486
426290
338720
497480
383756
381962
325292
383090
127674
338014
346160
148528
499758
475726
138646
266076
326294
403950
25290
196328
433728
414068
297402
373872
67090
378282
275332
368358
241280
102128
61244
356220
379856
418984
80024
407336
411872
42708
474508
18708
273698
180456
53916
387786
320140
314660
277102
469694
178440
268348
476496
23786
481940
461310
379534
277588
472650
249704
208452
88088
213890
340832
398550
480896
140198
201682
96926
321920
373256
338134
341410
347960
38224
227044
404190
258140
37250
21740
297238
396886
148266
347856
218350
356354
170742
186652
276984
263156
335074
161794
224160
490040
11848
464634
110988
129598
132212
134396
310566
235622
398102
110740
77534
16032
73838
302920
12794
320952
101316
123842
207108
252098
280512
151968
271340
457694
412522
143212
212662
335040
428942
270810
300564
392620
293888
385064
242246
108826
389524
178394
363518
241948
28360
91250
351256
227484
171942
202530
275754
370342
58710
273290
75732
34908
395618
464584
194164
28280
315662
234670
92868
159738
458424
120780
345518
395126
424512
363224
12654
5160
368390
250102
230544
59488
303580
140492
68048
360194
449538
288474
288024
410576
295658
355116
472426
321738
25602
252214
438834
453242
189530
347132
380266
318998
189306
184294
154638
89326
234540
379912
8762
472672
353394
349394
255586
266880
442500
316222
84786
186220
447246
303410
250208
39358
139000
114508
353276
231630
44896
30380
486414
456182
345254
133806
377716
312232
235082
489506
56104
294982
190958
380910
296360
334090
347248
311150
223482
359788
152280
345902
470692
255660
152998
480330
292908
86298
448970
184912
336726
184670
38592
97198
417454
108674
28976
191598
312142
228590
358464
110548
360750
210594
449800
191080
103032
7264
272296
341488
371888
377012
339608
181286
303224
175540
353940
140060
437120
460730
473888
303636
428632
209798
93446
114
239344
194228
453462
2052
156686
431148
446006
167486
32576
426100
365460
53260
26142
361230
299378
316064
181706
109256
179766
230810
333338
172748
299448
358650
244344
113442
355952
361602
334998
147632
83950
32678
70754
27134
408172
340430
30106
154378
357338
226898
435320
43888
397004
125040
489376
68854
284470
162536
326572
164528
89074
95336
272626
382694
402506
165360
429098
388864
170714
204688
217182
368796
483498
108652
288406
385148
9674
275146
473102
223904
425440
117716
321944
255632
186890
351296
201028
244
343034
254820
302622
206500
111060
178298
55546
102326
490596
299672
82936
467090
308838
372574
38556
343952
203978
338880
252884
267874
15768
188936
234072
311730
37862
363052
118184
11646
234444
216912
80892
464230
458164
422800
387968
100142
472354
80522
39930
252416
32730
116462
421934
480824
42322
28
444994
3940
413786
447500
189746
389224
165840
334136
468770
137326
404992
278070
263560
9578
181258
444714
296592
189060
462280
416322
391346
153932
301168
411254
25292
178072
198736
437398
273250
156482
201266
277018
416918
474352
334894
131104
92710
70482
133754
384754
48006
105884
445612
223710
121206
174732
349494
310094
106016
124204
99650
288132
463616
167050
187674
2976
353622
147602
88016
319742
340910
461736
284834
243818
244878
386648
274938
183818
447542
22700
426064
59356
433580
466480
103106
339298
340634
328874
219310
7764
391060
385980
302128
263024
120424
432892
176708
374184
446620
431146
378810
220122
95670
340812
216718
416154
111384
193704
347836
216832
175336
359914
472922
319876
1434
329354
67236
152038
493628
191812
409552
208686
302900
188456
196058
159078
121000
387538
307636
123836
406352
208732
49896
484106
217436
234336
394730
25658
377844
63242
12126
208880
455866
124248
254390
32708
294466
162326
86908
253758
83896
405510
29414
5600
386248
69462
115634
245370
293328
443950
258290
347562
185020
26314
184866
189360
130058
130880
260352
301856
394470
57274
263066
169160
7686
209666
41012
486268
86682
303078
125932
13358
295590
355286
163532
274328
218782
85962
364596
9444
245266
76148
466976
86960
77842
343692
301204
484202
271176
420538
365572
156622
287974
266766
173298
104092
234864
462680
10332
306348
146058
108344
41170
297020
382360
122326
21608
407202
246032
124348
104012
284762
159728
117408
358110
213428
36844
211404
369592
135906
156216
150494
229376
378134
439076
267350
370248
164206
124702
5860
311684
469322
418520
219168
152320
353324
315562
210412
322166
186388
336482
146972
388580
153402
400980
153574
381714
284332
410204
366734
34496
285710
486486
55124
51170
208144
89608
454686
124296
410612
6286
149658
289908
415566
110132
282162
170108
166364
195912
74020
438850
62412
194114
330448
347650
250140
390052
199774
222032
247032
131902
474404
363000
285520
406226
269330
119128
443940
280388
380444
61304
275212
63134
256664
117308
234684
304884
357246
92108
200014
470812
466712
106294
390542
275286
131338
290042
104446
154064
244582
24036
73896
485644
3844
78876
65592
29356
341190
413262
484316
477666
345546
20076
155022
176970
244934
156246
52154
213384
335014
63460
285848
327456
236250
186590
19924
237562
143118
421382
458554
145992
192970
428906
405980
425920
108472
347832
385102
88352
316698
418080
327892
311510
25280
44134
434140
466412
413174
313608
68890
84632
233206
224428
236852
481998
9022
374502
454572
121982
194998
191540
403848
341452
42372
178500
426364
379980
487392
332938
342314
271254
384996
104062
366282
312486
335728
49668
326260
462724
412644
293514
102642
468904
324038
404252
499496
480054
282002
69854
83544
373676
110316
39910
169494
168196
284094
237834
414128
19542
293296
29722
271220
413366
123610
313460
311266
257720
54788
64660
226046
350310
183822
276774
475574
402154
183436
463688
28200
487980
403838
170462
403094
13152
112574
416274
328942
269242
459026
363450
426344
317460
321246
38672
279436
288230
54958
187788
493014
158124
367150
362412
147480
486732
186490
454630
323606
297182
316850
305508
265608
354
102422
244654
73482
15640
145390
142614
330920
189270
378830
407742
194020
216158
48240
64324
347934
332654
264434
57008
247432
98390
161672
142062
430508
35608
127034
53542
442690
84550
6016
356412
477622
345492
320628
183478
165094
290338
7880
482832
398888
34406
460754
51706
40474
380952
351790
225882
53994
393476
53252
347804
328358
362992
386108
261494
305250
430256
13388
493572
311232
346342
193060
292322
126984
270918
158446
332210
267810
99956
41370
370074
75730
129662
132102
370944
443934
153008
90190
475400
419972
427438
322650
199688
436724
232974
378920
395058
222512
204478
163122
480202
13306
236366
244762
377762
415198
171240
289488
445434
458708
247614
251250
4946
100864
483846
267100
465230
237052
270028
227980
40426
392882
94924
443004
166794
125206
187556
435356
254646
277110
339602
134646
269384
28702
300986
111502
45884
491120
17354
157262
74064
231366
473840
447042
390862
419212
63358
363716
350144
236462
407216
341492
230086
191938
83418
379000
306020
235602
126906
100696
192408
367446
130072
106312
250020
304906
147826
56572
184544
457116
69244
212952
55104
370078
150754
78654
442526
232034
171972
315890
306376
54202
439268
23662
131614
200492
217510
142670
161218
124622
49218
468984
319134
296528
105466
338610
201540
382262
245586
119232
382748
361492
348594
198786
405576
309640
9994
239326
377324
185442
227574
443992
361202
294934
451804
87614
355294
203056
463316
235678
74966
87898
315390
348790
90002
159564
65422
494498
1506
61592
430928
40512
422676
40944
187964
460824
434664
308680
29826
203306
188626
177276
205238
492850
18084
389316
406354
18724
344434
370672
280540
112598
21592
48874
132368
91876
279340
269370
236004
341148
429448
44480
260088
220714
129532
239608
270494
374990
26264
412244
367048
135888
158690
259194
421690
62528
97120
195182
178694
180752
98846
52446
193670
44998
59146
339750
416686
272400
245166
147768
87476
438822
75828
61888
62456
33358
430826
361594
437192
126318
293700
422946
252108
91088
172286
389132
487910
366018
118192
343792
423928
253510
247484
137802
352046
220432
330706
330542
440394
174984
302602
269082
347354
27408
327534
177018
421340
497780
246724
335662
422446
206848
143472
281368
253722
200812
474952
3744
339220
422436
494244
249234
459614
202294
92808
443850
204940
700
109860
139922
82264
250318
324528
420584
252954
77816
182694
357372
422550
322848
395734
18790
470596
258666
157224
394284
390274
334178
274590
257392
243250
18282
11984
275478
178356
123274
341034
184940
418120
276514
105448
455634
374674
144266
203116
87228
95418
399860
444910
478888
85706
268454
263222
393218
405898
472254
398618
320242
279448
337288
177472
112296
75762
147954
99030
490754
364820
51792
95496
85086
164612
91246
133388
231152
55926
445056
19082
336660
97404
301684
269798
101648
380290
447828
321224
258792
286910
96290
468730
66462
275276
100412
494696
208782
305238
32954
129472
37720
279226
151836
307456
27774
5622
26006
218778
472796
249514
464766
147582
212028
402234
50698
397000
161006
203044
196842
482864
194008
204558
62918
442632
206744
394402
26930
85498
183792
269896
70532
271930
409830
346634
245394
350912
65574
442986
121880
301068
227544
479254
200728
93870
387008
434308
71330
497468
45890
122566
435854
368486
3016
123236
359316
367352
67264
210924
369726
82350
493814
351208
217564
153024
167979
343257
206921
262737
361445
132141
490447
102845
48473
31179
68541
364711
132861
310175
56869
305447
219945
389933
439861
427871
488935
62767
248621
37783
440357
189233
30901
101733
419979
449459
237131
368561
2153
467005
10063
332987
70761
469987
38705
172961
251725
426027
456431
203209
280811
189995
108663
325999
378425
392173
362217
366213
329077
275765
231537
234215
4181
201603
468589
101383
159999
464425
491815
67415
276169
305775
77737
252031
326059
145157
201909
306735
392911
165869
167383
105839
170923
248097
280061
53939
125883
263127
136423
83035
333913
22269
12297
36259
179265
257397
264885
291639
208651
497123
45301
456157
440865
151837
484915
395771
348489
170501
171361
462583
47593
154819
281157
141095
244355
218325
470837
274933
365537
405457
356457
323675
480737
84799
173813
255467
1619
83305
167551
303015
389327
175281
106581
398261
239067
446397
312329
101671
213667
101647
423451
268135
118677
179899
382021
265879
403319
442803
322391
98891
166795
47343
293745
191251
22319
66361
159005
115467
278163
484079
400039
46917
9665
22959
271573
33297
214091
272603
168513
115007
410839
355955
331663
180585
113547
484811
395123
83885
25333
400331
6055
42197
284579
291193
262103
203499
197203
362453
191551
391529
228387
16739
183121
215361
433505
341849
396135
120735
457977
146367
424451
302023
488565
161621
229627
281141
46561
40667
22659
315121
205363
445139
391639
470721
25359
208181
496781
339401
27913
434401
331281
48249
220405
353539
299957
211427
9649
185341
451997
186415
23723
219491
281423
397157
114391
298885
194647
89697
460591
130029
206565
174729
469153
413193
149783
397445
328279
455555
142057
144045
121347
352683
416543
372525
326081
211069
198021
413873
281183
283183
35639
439897
358953
258383
368369
483281
124023
83167
323845
443587
483331
487345
315695
169121
69905
299619
145837
224755
83213
181601
209539
396399
436331
287381
271257
150375
215417
188147
253089
76909
266181
425385
361263
63455
208763
22589
244319
229661
299189
322841
70031
366641
211407
372441
263531
40735
185941
157763
130859
365219
52219
299721
277701
272499
474081
123813
262153
125521
61333
352267
478039
140523
114405
371333
127899
308165
338271
170073
422131
220221
364361
498689
285391
354329
381555
416297
499437
155547
253501
76081
210165
109053
105311
172979
320597
344391
401917
24467
329975
425617
377941
389089
140573
477065
452765
396865
138937
24429
24827
171189
471561
412545
27113
178775
89249
220675
395693
478121
150357
155665
59245
491281
141631
171133
212959
25055
242181
90455
108285
326771
238907
435503
457511
274283
167003
167953
379781
76169
151489
384705
379599
422341
250489
445561
7027
196633
141233
169061
446457
300195
44841
372435
222265
246101
417709
351383
373353
269085
124073
471085
410155
483791
222325
465575
233397
474003
110003
444197
476443
245427
375773
467725
359179
154199
432661
75323
52235
29689
406603
40977
359617
427405
93423
107821
475613
440023
309267
8599
194817
379607
349739
257873
141389
2985
15931
105041
42159
433529
326449
147099
127989
36757
393093
53529
422611
257621
324003
257955
286801
115451
345663
75843
106447
299329
92097
16237
431929
481337
366587
389361
317317
370913
404497
198391
343983
112847
459163
402055
159229
326363
95097
226899
308699
363277
491199
379221
280589
352073
126971
471677
395361
243029
98153
18441
297291
445137
332101
133439
55259
8403
25347
390389
97383
468417
4389
89067
96009
3241
283705
173981
360415
254387
82253
226529
102505
92295
394815
92553
412749
310801
331009
449789
328729
153125
335033
415079
473565
483827
477735
263443
285093
349183
470535
314205
95325
232091
65829
61311
72587
356063
281697
340829
238225
342797
67061
179647
110523
267523
99715
101535
22719
259499
436235
498611
315059
229015
187445
114273
48903
377439
326427
87837
4785
220557
130749
113779
215707
499661
78287
251255
471643
114763
49
345049
5529
345593
333489
196433
479411
324323
182959
231309
379413
35233
444781
183923
437243
36129
195235
426337
454819
408053
489015
398797
54331
256389
243139
440677
482517
66769
81027
326501
225737
462439
358899
384277
433955
399997
300507
491031
100379
134559
225939
88773
136343
157357
269303
142125
166525
352043
489061
73825
45707
140833
351669
242387
16247
168695
399217
412301
332749
130319
291761
446887
104377
216135
225407
50243
77783
89649
421237
124527
239137
284045
282851
211517
293127
283761
171351
91465
135411
322383
71257
101897
53933
111947
46891
418599
338913
326107
377905
195113
431095
415569
407839
344471
360309
277207
404811
252493
295733
124267
194663
465077
250967
312213
56781
94677
156591
381695
304903
89065
252579
289385
3067
275537
331575
274315
242469
356589
332473
293895
369361
389899
432311
148639
359031
347327
328645
136129
90683
199323
424449
287007
196673
142469
269019
106855
213155
61353
98243
251355
248287
427699
378783
156779
148171
327931
306293
403219
443693
481803
475155
187127
76799
125901
329145
75651
378637
166951
380953
134503
343743
421015
99159
164959
134955
492461
419473
479049
105603
117129
207171
418719
177027
115863
414619
331375
50073
429395
322297
349331
296419
193497
285463
448433
461511
423859
347189
388179
330323
376491
247989
412313
305345
318013
468039
36405
203717
120967
357451
333281
477525
306779
392079
459771
262711
89259
119915
345259
449531
346289
427017
369243
311527
377393
363917
317477
314961
496431
306249
169199
24767
190069
86245
100049
293379
322469
288639
52855
148121
302889
362201
93235
192655
18881
150961
409723
412705
58145
23055
399871
170397
148597
155751
178295
457027
445363
332431
351951
351657
312115
208025
360923
82445
199405
48993
21153
313797
451167
470885
219651
163207
228197
131255
221589
213151
161197
482919
321175
297715
496985
484527
449785
84205
167321
194621
197325
44531
375729
280675
482709
264023
54791
93439
15213
294217
437229
204917
38625
499067
250619
462389
227799
357229
111499
110239
11659
345199
337809
93717
226337
103227
371477
65775
156561
366359
163423
95467
187215
262913
267843
297391
360837
171703
18281
378291
25917
150003
244659
491985
128297
375113
81089
14177
220935
409953
40311
325901
466713
291291
313973
163611
368113
51523
432183
318345
381959
492051
231791
133999
402829
281005
180361
271419
487933
361197
70543
17729
149663
182379
489841
239093
51551
326661
414669
10569
298677
351751
9091
25059
367629
335953
425755
19685
83187
88359
192557
49909
253189
112947
128191
236191
291179
294103
80925
37331
216737
440295
440425
371239
194849
360411
298025
433133
118287
163173
77385
71587
83929
300277
121591
250919
174711
220841
247617
111603
156495
80563
323487
174215
80277
486619
45547
421385
312727
318333
127685
147031
255375
377643
464067
323747
422773
61167
492783
302549
310131
284771
426669
329811
292305
325155
355311
254937
78621
107217
461647
443501
208525
280519
303309
471971
13359
194229
215541
16113
411673
360485
385083
319359
463301
204275
341797
437257
118173
309259
283305
164231
184317
296211
236181
358363
143149
344339
261927
111935
62229
247947
203545
484411
273629
166405
11195
418285
395773
282425
478967
52513
8235
367185
374463
309619
345665
488543
80569
187721
237813
56017
189351
215511
363083
128247
92025
451739
405837
168307
95197
370485
428475
328143
232753
476821
230269
40451
170245
120227
48327
322795
302157
412399
280021
143519
215151
367657
68869
421629
333093
18401
166063
260549
241263
66457
3279
253379
71585
327901
255395
4951
390139
455027
444435
492571
289261
134031
21455
244057
423081
185225
224933
450623
352005
8505
450929
4321
218953
421441
31485
406935
24959
310355
479053
261857
202223
436159
313123
392999
87847
306445
33323
290731
303975
37627
388507
166501
341349
202647
44807
266639
368495
497715
179353
239421
455393
50981
458899
282327
290817
499575
428291
45365
249413
260605
404623
193831
242841
269791
352179
311041
233829
230085
27903
140629
341175
388561
226043
195263
396985
249509
382533
77027
321875
196579
193379
340475
444975
162021
434821
405765
233823
479265
106769
334067
189269
74973
340935
498491
28909
290423
392373
444441
498007
3157
233809
117679
171651
241065
264633
127851
14375
194341
245429
423453
67921
266893
110567
336583
151533
182711
476725
112459
266377
95771
70963
276761
208001
94525
173219
250897
63299
173381
339859
156383
448329
487655
360399
27749
97919
421279
382465
166981
269397
484593
309567
53839
156773
12889
104671
200695
75153
217871
242109
192579
295151
89313
69741
141581
368537
408159
270813
428975
301883
164149
147293
344093
133251
359411
301739
245011
365595
58451
383643
13529
183265
142879
446959
162363
213195
467803
339281
2449
20909
37275
292501
127413
454095
499551
152283
411587
264665
75893
8723
362511
130437
98217
233561
383713
413969
214645
365601
487645
405303
456541
403039
475865
348873
283313
33713
441233
234285
447851
188913
277071
160967
60519
344437
263247
142205
276001
48909
203425
314013
106323
18079
167309
140387
15691
288779
100475
262787
480209
153363
352415
62301
30587
366537
492257
234687
341651
69257
85753
241845
55389
33951
495429
172319
139515
283939
239411
470279
209447
359305
424231
80613
488613
162353
255401
158053
33615
499355
335059
403981
3037
390427
279787
468593
262611
351103
327265
426801
300673
384389
240463
128857
402595
129957
422965
171605
434699
241693
432963
161255
232335
445987
427391
69313
99073
342733
406945
77563
19231
450537
104851
192371
293779
439395
120415
292375
299589
55095
79247
133181
218353
403317
370853
357145
276853
457695
234357
264227
239485
289767
436615
327147
238527
155735
7745
47821
415185
237351
221433
329773
282559
74579
56101
448623
480381
376111
39431
350693
486627
243917
173519
111989
253359
92121
439287
468461
466059
70735
268049
98489
396391
452743
218545
300301
401511
269315
411133
287921
146691
414651
225615
433655
493901
68415
188955
369291
200523
37609
374443
69833
460859
457069
487793
238021
308657
412159
446307
80023
261165
288653
292367
398149
79553
364773
121193
341411
445471
43697
342365
64609
258741
371553
166967
27323
423417
241347
410021
123829
198361
135429
459081
116531
343683
117965
423651
361045
244973
213479
172251
140827
15443
294085
157787
174223
431299
335121
27211
100883
18271
163859
415115
495425
42757
31969
25835
470703
379343
56361
128957
408631
455155
21551
301307
27259
247673
272027
100505
81507
170535
5957
329781
20621
193727
323447
116895
189695
435697
260869
336147
456987
489857
74839
355155
446195
288475
402659
417199
427393
6587
481687
496277
219299
370319
366619
377785
206943
318045
217789
346165
457271
196711
93115
328711
123187
277155
29241
212911
285733
140399
128813
322515
386079
317883
347197
290495
14667
116591
275625
443187
27803
289193
466601
336889
349061
431725
453085
168797
214971
282833
68925
77475
407903
78817
327403
120591
145387
302685
343093
284557
456909
387423
355067
433123
346689
468721
250271
60581
423989
494119
306657
228247
308771
359993
281573
97957
460503
255007
459269
342445
292771
231967
486749
254637
466999
422001
249723
468049
196241
202307
84957
82421
236767
321145
474439
22785
376123
259805
25267
24489
279343
51333
357117
196151
80497
322995
281381
175479
457937
206583
473913
98195
68997
353903
450817
317607
60329
80457
96515
134659
488589
81115
488653
462327
70993
182917
131117
256375
299091
198421
104569
400707
203943
497573
205915
371073
372111
74597
250753
455349
188083
25159
196113
289651
250953
223865
332869
227367
387191
111409
50001
127071
276661
248221
120909
411521
201795
482909
219927
120001
103311
474541
227893
456039
285271
5223
380885
386703
84447
416137
149763
99319
33281
475705
413723
405785
323267
313719
311765
144709
135379
96949
200309
279179
454181
247315
283375
31311
126691
217813
337613
469869
93739
290383
49993
233145
67583
122275
163925
96207
287227
145017
187601
273029
176857
54303
5225
348291
388547
146481
282019
492569
424735
193943
325879
129267
86421
233889
378307
444079
275447
313965
109623
14227
71551
453405
489105
378757
233603
173199
369813
224951
373307
258013
437415
286851
453451
70207
483443
469031
279247
392267
91303
482977
92819
330055
159837
122669
59339
324929
274961
3895
195833
403755
352449
220095
192679
147143
491441
107725
49835
144395
473541
418455
24801
356203
29157
213285
189735
217575
411309
439619
332453
311337
246903
7937
386171
260097
131907
403683
64247
81699
438463
297891
172615
69535
383623
123725
315681
166741
211155
1709
66985
74795
315981
32133
385977
214151
186237
184603
297157
46699
208611
211733
5897
430541
114415
114765
179001
457395
337343
17419
76265
461539
350829
228157
43705
71961
276677
494125
294711
202601
238909
111767
246557
436879
186757
438727
80823
431979
22181
211005
441795
177591
483431
313889
272443
381317
146171
290405
112085
320781
261069
157557
129657
409193
420635
218175
444525
101863
162255
332975
327743
188345
461869
227027
439423
264975
249847
454437
356393
132647
7137
35239
47191
172757
166835
135743
134495
1811
479031
287711
58767
368377
93743
184141
186257
139705
484049
228321
124595
314841
393193
166933
345831
102451
308955
247097
460097
361463
72977
104429
18699
124065
200825
475195
404547
71039
271251
329825
380029
343579
198677
50957
211855
86495
224291
460593
99951
281415
4735
252497
166349
267097
198769
142625
264879
151859
92495
78199
28669
428963
164347
248239
233803
91297
295045
241325
162089
64257
346317
26981
309221
204171
96725
42761
86729
133149
191839
152795
159337
450073
96587
483553
347811
78159
190889
140627
496505
282051
232599
149797
242055
337493
155041
79969
73799
299567
285749
355041
163789
448219
329587
131537
153113
249279
107015
74711
196197
58459
238963
290355
377989
291971
373099
239761
71951
47653
136477
130969
288907
49889
401639
78829
490017
471813
410485
1305
327247
419899
181405
328699
177319
452823
367655
111841
1927
451987
163093
408695
234511
200427
132799
78099
128265
123353
300799
12939
367703
315601
239985
330129
45733
462773
156041
451125
296399
90017
147117
408113
1145
376409
496031
401105
17363
47531
174353
430927
486887
433221
63321
377645
97911
265827
141077
207771
242403
451795
155927
496929
212009
421851
280167
193067
181871
477501
31763
327925
380661
158123
407759
432045
223585
99365
213795
389597
153451
127363
166057
264167
136251
403345
117625
24099
365145
185395
449895
50627
40441
416673
94317
51403
139199
131175
364715
236493
424073
487193
143799
273879
90267
228913
267657
467259
442807
6409
382883
233519
178863
430433
191131
125795
439025
25591
419333
163563
319759
464369
291085
193157
158829
398939
260771
118323
142237
489863
441805
354657
413261
67471
449729
52575
33985
381881
207423
329699
467183
305763
193693
12659
340155
209911
125329
251691
63985
284861
43497
269187
275401
454665
323229
451883
213677
207993
227697
240629
74409
358351
190521
33583
180721
131641
446483
69541
88263
494095
384131
454083
256613
254569
184271
258245
81463
182187
75369
53581
58713
447953
316613
49631
493815
330825
30649
400451
231565
324289
355059
420673
107517
144721
48947
45053
223455
332259
323001
142811
407437
271365
423631
139497
196531
38655
114073
258815
419191
459845
76743
51461
458791
397617
446137
66055
421963
106419
196675
6033
73543
197807
224337
273897
250835
336521
149735
401273
248611
378285
488189
220921
444649
263379
318119
415333
405291
117999
33573
330923
374057
483033
287567
337179
362023
399259
461899
499887
159895
307831
356643
37977
392187
105457
6833
441747
17387
428773
386545
58629
208987
80339
499509
261003
431215
447669
72215
222777
8413
405887
267245
414527
255733
110113
45841
119375
258533
220705
351283
16511
316681
60841
109951
263357
41239
231105
18197
183417
496357
88257
25227
383927
17211
101271
185961
387611
262371
282631
90405
468305
61539
453753
56717
156079
132715
154485
476379
355619
407037
116661
206787
52073
97467
403009
463517
15531
287287
55677
195339
113291
371217
9565
75165
392453
254905
96371
322015
210883
106441
398903
131167
315067
229195
329717
252215
429223
448449
70889
196567
162883
141827
438851
200421
220791
243863
308363
225959
224355
37103
494805
389501
127535
211571
386073
275113
143273
200331
137963
308071
217809
483633
382475
331113
106243
72383
434069
84149
257521
117087
300999
219633
449765
251185
343361
6355
60317
298855
135495
342467
101611
250499
135005
220115
89029
327491
432551
43277
363623
454299
118633
312383
452657
92989
67683
209961
234769
473181
6195
55165
419813
344435
178173
45995
46533
119001
426447
364143
2503
447683
461411
305831
28057
261923
164981
414333
105833
83769
75797
307137
35263
207053
276649
442691
70839
487339
294955
458729
145013
142859
315347
56681
458105
133933
430573
180115
284467
111561
100841
239755
17941
40241
435603
344629
471537
166693
489141
465477
149049
107739
29265
402739
476785
106295
360559
80161
172515
367489
48033
284977
424703
463613
447881
273873
319465
436811
279115
250189
119009
131091
467139
490945
376073
392859
312227
169307
387831
99953
189827
299015
173265
118569
401919
264135
392329
256869
287037
455269
363693
252261
88193
239999
208645
99357
329987
14919
170713
426175
387645
280285
441109
419563
494619
81479
106573
188973
114153
332001
367669
326287
214381
420071
305415
13231
347645
359401
282345
396883
381237
466073
166569
79487
462819
94547
143619
172281
99299
288955
93069
193445
207809
205411
130915
431185
136413
344299
190291
299473
196551
3783
469521
107609
491531
394497
335701
274629
448645
208365
184631
306415
491743
238405
400107
91955
96719
406499
385417
499481
300353
234603
398251
328929
404521
397891
418847
356925
241057
379107
367393
421073
73563
197521
188431
170327
277249
411081
179479
469125
480745
127187
116723
146159
45785
332357
203759
2767
419109
478465
299915
137971
466637
202219
205703
364271
250561
77681
359229
255017
200791
220695
321457
251763
159795
446119
179697
481257
295173
233887
433101
62475
216401
4195
468409
385861
182273
269755
409863
395349
250957
373731
53915
480129
167867
84411
61153
140189
417913
151323
175057
19103
395113
244289
129889
46657
252445
274763
132427
122365
7241
393719
6617
192329
12393
130255
119121
482513
103871
441469
51423
453883
221085
494555
498227
389791
378157
447855
29443
232885
21557
117715
64371
209753
25329
258397
358623
109333
333125
216255
496791
443621
55159
113465
292029
364229
78557
183605
1655
58269
494713
244931
426877
401421
41615
157009
223083
182925
335405
91953
354093
280137
415265
459173
405833
86309
168445
200597
177307
9229
44241
483311
330635
148907
45155
44519
236757
470523
351187
484413
485187
443379
104685
354317
342799
466235
10423
444131
443129
345221
394853
63621
298637
257679
229493
304073
295819
417201
13669
386989
76725
141929
364899
148737
195141
317697
179285
143439
205615
23329
151
322621
76447
381865
103901
486445
432217
285103
20601
87027
36435
281413
302849
42241
41639
362585
200725
194203
361957
285587
85785
110471
128337
188207
73279
107759
418031
373767
410481
389005
257717
120087
183109
441073
71941
270799
379439
228879
33745
337951
352335
234877
334425
189397
4249
40283
380753
137259
155071
217203
370691
137973
377067
267425
87517
211159
303537
228917
175565
217027
448261
319295
199429
103481
377899
350805
232323
400749
305295
353153
301283
78859
52637
396679
131693
352765
37219
377807
368085
101869
288825
349879
382287
438809
180623
288273
352121
358379
252313
196559
408671
22875
236397
275369
168165
459625
17101
487601
18267
431049
179155
331477
161487
415665
437435
475855
471185
473193
131403
198643
424961
368793
155153
38179
113549
183115
363319
4379
311969
105069
430669
246117
19389
457373
481579
312823
301039
22973
342031
183981
270525
330713
188473
143441
358709
320199
257191
45571
55865
60023
62121
406099
307091
308043
140597
472621
158565
398063
85799
465305
379885
80567
138169
150553
79497
371153
460389
341795
464665
386937
156293
51777
406359
383185
217601
406627
129831
398119
326497
232375
166897
418177
324529
191521
19425
223701
301991
196821
328511
261273
167083
138621
104027
447647
222963
488611
49369
5933
341219
463431
402165
418401
57583
58663
12923
189253
298481
453917
413113
358887
213047
383095
352785
75249
260407
481957
194651
210671
145197
169649
270341
449775
418399
356563
71539
349247
357541
216733
22739
470897
333537
455777
203083
416479
97517
462567
35105
474435
421055
129581
413135
294989
374435
153959
399365
152221
208205
142483
181219
11375
490787
164955
102441
270419
354613
401149
212807
256719
461373
178997
330101
227151
422261
419667
112127
189497
497029
229349
284043
183673
295513
139031
214957
277637
471435
260135
181193
356479
431917
406797
391983
270271
244435
449541
45357
330351
220489
315745
163989
218773
312275
172479
180471
418553
216613
471489
77451
39977
344929
4727
255141
258611
51947
477871
482417
216659
254649
141317
429321
375955
137835
257939
55277
254735
108271
491249
251223
386421
441597
408765
457813
42887
78743
133943
175959
373561
483955
301777
481303
72441
416329
14455
34431
109637
221969
363249
430991
195551
406011
389585
134233
283407
9155
221359
179685
462847
427435
377115
145009
153659
56487
63851
62715
82327
254017
329355
150131
465527
339325
313089
443725
102059
290485
184261
297607
310409
373447
41383
38101
454749
292111
296051
269841
178209
342567
186735
76971
174875
90769
469727
348271
180465
428115
387183
143351
281521
162645
378255
461167
432453
491129
265297
320131
208345
59279
394683
329263
249715
123133
359091
307753
455137
494589
17829
490421
477867
12163
122923
102697
477833
126925
86835
228419
150627
209123
249087
464643
48575
475745
431937
180971
156291
255969
259539
186565
212603
1731
72701
353019
232747
208207
116721
483175
336781
281883
334431
30597
357517
136497
212005
398263
142839
71991
288707
75173
143181
207963
258179
235727
239611
64869
138845
329531
295971
403519
121829
80649
325947
146143
15
37159
104583
92389
62933
325339
146939
111451
306785
222457
156117
203929
18447
406719
224151
310117
89415
151867
187605
224403
483215
437095
241405
134829
52741
409605
355777
471263
267035
159683
128777
69381
316131
148227
101887
223587
159665
45377
315519
485249
424459
156121
333173
433793
192621
134713
403781
322881
128953
287917
2921
121133
196759
131463
313251
434633
488331
36847
191345
467329
107243
63885
125347
274237
7673
347585
146263
43467
138007
301065
181223
329485
425001
200023
174493
227887
213669
348111
227557
45667
425369
266147
473187
252977
239679
167783
119541
239765
422785
5185
40589
127965
412373
439743
168131
276733
15547
461745
461641
434797
351699
281541
138119
302037
98081
406069
214243
325331
85541
432557
278205
301409
34031
241539
275641
358093
135629
240821
47431
350273
495965
351847
483631
197959
28677
427105
487637
312733
401427
176465
33413
285137
123849
372039
159237
351067
275365
20233
411907
245001
22609
72563
376429
185761
223991
285413
318749
68747
235579
306811
126465
468667
23065
494273
116473
452517
7113
440753
207515
124519
139733
478185
39381
166239
220323
263143
364735
1195
325357
358895
67017
146527
49357
122005
259653
499305
231329
121157
299663
38997
19793
208523
167747
186805
272789
470635
16031
207757
297495
26945
187353
485105
32577
377983
404093
362355
482679
260291
165327
296007
131697
256449
293189
254819
429521
16197
252525
299293
21397
470099
205673
305705
121447
277735
363903
186173
6203
480449
480355
296627
112413
353635
449853
421729
28559
175951
432695
443893
263349
227059
479761
250885
280219
46283
417569
168687
33577
1577
365443
483081
318663
296445
494675
69835
314473
349917
3607
130127
396835
77211
411457
486625
222779
207639
152665
468765
239947
76533
268493
469653
461205
288233
490343
261309
301319
305167
438199
78283
75567
381675
46991
96915
263711
470577
497489
281419
174263
269765
217345
157735
305563
260453
368415
154321
242781
29217
15669
83183
81945
355811
211263
259959
415881
23769
495837
340045
107037
286471
488113
396611
266765
290667
291079
30857
431663
137431
47421
421093
142381
90697
305667
340269
449421
17259
485237
426895
467601
386641
84507
487555
83417
390863
150661
427211
136411
290273
302325
291395
224261
173291
490449
109191
264741
319649
400117
145633
315425
468321
275605
145491
38693
372167
480917
287819
389739
88765
398627
302829
27451
94427
208657
202693
25589
316517
286685
290933
474653
184975
204043
81079
406677
30173
366963
131913
488373
218445
213335
228105
177031
394465
158745
252101
131973
260541
156667
385051
458413
240759
30933
16493
288837
431059
325495
44885
415845
424243
499187
453987
89261
491635
11899
475055
212831
127885
201747
309997
113113
446493
243719
47253
103593
56311
108069
249689
299641
103475
224785
93821
479373
213883
203801
41281
467873
225265
256503
2173
50621
168081
204213
334359
147967
108817
23089
261969
289971
324829
229887
51259
205061
157035
271979
345061
204361
42107
26985
275915
15649
488497
217961
45917
404307
159105
301885
79101
337479
150833
326191
273893
398237
183429
296163
355865
469037
347995
102685
108167
399021
201455
290187
142659
358137
489993
411515
325127
271055
485199
19725
364827
380479
255831
207617
339133
341801
92477
2413
418005
177385
124443
451439
4177
50943
79775
37305
233313
147495
94593
108893
360115
472209
303043
269337
18073
69259
283651
247095
205479
69201
473445
469191
68401
40653
102663
407543
164759
337653
395989
233379
32509
261101
64669
24769
62743
237775
141937
469481
358199
248735
133269
182125
298235
303917
159033
386753
39269
217005
263529
409865
279663
225125
113223
438571
109987
428927
12689
483589
244479
175695
384863
73357
150209
201997
9899
360687
448403
153203
470475
149701
472261
164999
281057
152033
343491
387803
379609
185645
291263
74511
36951
427957
444011
465453
131755
183871
72153
202881
433953
444005
328491
71335
463155
432099
49609
422601
52119
439741
320237
66817
468099
396535
404701
243695
24657
275105
385693
442385
457309
437725
181169
431459
213893
494845
494053
240643
300873
428211
404649
95503
467551
96963
213593
351389
419247
65677
357539
295629
287699
151351
191559
319673
133505
401173
306325
105019
201175
486939
172735
62175
236671
440695
353227
250697
157479
101179
406703
310185
264021
459931
350369
464233
75401
42333
172355
182245
359815
225309
120569
362683
495987
396511
438067
235081
29305
25391
176743
222405
169823
6303
27891
357871
334857
352583
293413
471601
58771
174225
242429
316039
111467
299095
479391
271997
304953
391903
384879
161987
417985
482829
94395
182347
223087
483711
359219
310147
51681
428501
5589
271891
270377
454103
434761
427955
355075
168155
180189
261195
150407
309867
126377
383657
245955
171155
64143
431175
29999
457535
371247
113749
338127
473875
471613
404197
34663
284069
274201
83269
17447
397795
218651
79327
237213
205071
364883
369195
100537
29913
95035
398795
324593
172223
345111
144889
86163
327859
329741
215077
136871
46969
200383
423677
317363
161315
180277
450933
102979
476121
339225
416885
494215
261931
50935
197679
196359
120329
375697
181155
413087
119789
307927
466177
389699
356171
135019
413505
327319
197099
369617
468919
34227
370071
487913
303627
328805
2899
318503
288497
303869
285981
457699
390917
239587
313827
181423
165151
378585
80715
185095
8163
145201
372057
456845
73895
99509
2743
184459
174171
466975
199987
54929
110117
128645
426421
191057
364933
96521
104703
18711
398207
465197
213699
236167
116747
85951
346357
37597
136943
22577
238959
401569
294159
413285
343961
370861
154569
318907
14819
23159
143817
431661
379327
11573
301673
122103
267493
280601
351039
497259
187853
43049
290457
272487
191751
146849
216113
345805
86709
130161
68587
381303
224809
28137
303573
408687
376317
399195
358467
328081
85255
477223
260547
145751
266405
463399
413569
75543
393075
91997
282449
20497
182345
10563
11275
401833
487213
143625
432543
60107
125651
493857
491633
50201
342489
486879
425261
181881
330175
470883
414107
377509
376993
473961
420457
324493
233469
283001
254893
82263
369347
380015
396909
182213
80331
109119
58911
485849
441529
380471
237941
389135
102367
243291
428525
117939
457713
347603
131677
354089
266353
12981
171119
199081
274533
67837
74073
455165
437097
410001
58695
150121
432655
45693
121585
106251
1523
237723
317281
173137
384919
294005
272637
238997
156319
42035
488503
181503
274495
163839
390135
313513
320995
402047
204141
322441
475939
151073
222263
49065
188475
446821
413677
481509
48421
420625
418983
59563
343755
437731
236089
243383
378229
138877
474239
198423
154279
157435
79747
156671
168135
50963
306547
486259
462035
489411
192879
43717
233393
198099
167477
134151
23257
241403
143743
425893
133581
312043
405145
433249
452805
329769
432443
180643
83487
95655
469509
275855
382323
468367
139771
279749
457795
364227
274769
487391
487627
435965
439013
12161
444327
159397
47329
454985
363237
328751
320751
280177
397585
421027
108633
395535
336227
4795
435811
320585
46769
456807
378799
330853
426433
262439
221079
166201
178379
197881
225445
481475
9221
381681
70409
436565
426871
239007
164739
293213
467417
274679
491313
337385
167243
421927
386013
230425
465051
312441
449769
258403
480243
42047
422553
80735
11343
83697
289819
128911
323381
60045
311097
187451
498949
136969
273461
376935
170647
164627
231041
27417
221385
448769
5069
68709
91215
136155
441203
336155
294535
34821
289203
117433
133061
306411
183781
216005
186833
119213
207605
413875
60779
8241
237795
499177
403505
60415
299009
261121
46563
25757
300409
131335
287595
69915
161583
246015
481657
491689
402845
242785
448745
139075
259117
17649
153419
132201
179591
451841
132447
36925
269565
176361
173297
392481
339991
411895
263255
69239
425051
139547
374919
417617
252019
366147
113637
439173
262683
134045
392099
300085
488173
61601
428581
21171
128921
263251
301197
251521
258721
35035
311163
251085
494511
480913
447909
234771
52845
341131
377555
273319
35273
30815
122263
349601
90175
363843
418699
364311
263331
74693
320669
42467
298697
245099
355879
340793
388091
246805
241993
156289
451791
175591
265949
371045
359719
156135
175929
184557
330247
443799
238823
819
298165
128221
174283
205633
394405
447907
308475
197293
171391
456831
455481
81085
389167
195691
456213
458037
281205
446309
183
390587
30163
302557
64553
292099
396039
338289
180677
31145
18233
182195
204913
39011
467019
343287
104487
470271
27337
277813
10179
311767
139271
410377
103181
14897
417733
189829
140479
358913
469559
189287
453801
491229
93161
349783
379591
47765
489369
31881
437915
467673
176573
394191
175841
421573
489221
491529
455739
3019
76245
221505
126739
310809
135705
241775
73389
50815
363961
138099
73097
61641
357135
189881
272053
383259
459519
224067
270227
76001
251677
363323
182407
481873
33169
199933
305795
284459
427487
79215
327209
239673
350801
212955
58967
94551
448457
404121
211213
304561
433365
274693
98403
84599
305491
109723
292387
384537
256523
270383
394743
369877
312023
491539
291823
195455
91861
337405
102077
333985
436273
264015
154787
302217
466271
92021
227761
382539
132733
270249
215685
128155
79523
366599
46713
452551
50247
300397
274943
32759
365633
404225
176019
231159
106517
162511
364121
142411
433657
246415
471835
167729
465495
157883
139119
284555
463997
693
19041
352337
9435
23149
383877
234993
207345
260735
7093
215653
236953
460381
459125
195729
40013
220677
219005
227533
379905
181755
450011
188015
402623
225515
352281
177857
38545
306567
83077
485835
49845
110795
379323
54355
261567
380645
96659
399601
120135
65953
165761
452155
434359
105703
299535
384891
89361
344265
369987
73805
313053
337347
68485
485439
189415
243321
384681
231319
243209
395887
15621
229689
476709
203625
79617
40675
498461
455295
206573
51257
453673
350423
469973
159933
12047
150677
187913
265445
293343
86447
135747
447261
349537
271141
417453
25787
356655
74495
367569
289255
146123
56233
273881
19907
353159
282161
475795
388187
231131
370483
268157
422901
411777
356037
217363
133687
368915
363409
472701
24411
298745
366167
43319
13855
58125
387591
37793
140047
419921
349751
80231
356769
378131
179553
426499
439845
298947
7549
108379
278379
410203
394985
333305
12667
394865
493055
29559
406539
197363
443669
361055
440849
425707
299155
133699
96369
460637
351481
154513
101949
467705
147071
99283
408869
203053
324147
188031
86339
441265
175013
340735
204487
102009
406409
369921
43899
387349
286619
91869
296289
298603
178661
192275
67841
369859
65389
269219
326669
299169
497735
43329
350813
299809
231249
239661
312611
15881
65891
147057
231883
82409
455787
153929
157239
40513
98183
321667
327081
11445
336057
332725
381719
192487
233565
26785
416389
395269
139749
317667
101737
144427
220379
42825
313561
20333
472043
179369
371471
340939
71815
260761
177155
125725
197699
118643
374169
17411
38189
284333
367815
350127
304879
247875
114609
188575
332391
485587
443145
344617
438565
200451
157873
350211
251719
76481
182123
306883
115459
380805
282665
462923
115395
462495
118125
285883
65029
337043
8347
439529
347247
42653
22003
20231
407063
150577
435339
112569
130555
475115
65595
224813
170437
167737
123313
137609
409033
400635
6497
118575
137191
161305
388733
390651
235963
81011
85531
80773
49525
38465
161167
25585
291465
289269
499935
39929
289909
231349
356399
266715
253663
153361
115767
478857
246443
425325
228729
326355
80681
386195
191613
415625
121397
367565
497423
230731
4703
167855
236869
218821
439713
143311
497961
113191
405577
239347
268949
351101
400301
372813
249985
465321
145403
137167
421693
344181
245649
219941
255675
210113
474893
105257
63777
225833
332603
353837
327189
227777
39975
470667
127611
94121
212625
64855
175263
42793
16413
357449
337873
180023
277725
348771
387207
88417
392237
275277
197859
361277
10479
366899
90711
330263
493933
40445
228025
20357
399461
61597
239183
116075
65243
137981
149637
220593
412571
64475
282755
172673
387
368849
10619
277465
117737
173799
216521
467465
156607
346609
112039
239965
292243
255751
178921
97381
204781
153267
98633
57921
448081
272547
149613
280161
147261
62749
482013
212021
246781
396263
65685
33737
346513
452195
258691
226809
49459
106749
202859
402249
242313
380449
467199
350871
173515
97743
412043
462713
471915
482067
333875
290011
488637
307499
397273
31825
238407
25909
433783
181337
187045
167647
284705
450025
98493
214415
324495
327975
331965
324081
340323
447341
424651
426325