189936
280928
413502
407026
440130
315924
442916
251886
239834
274006
185444
301130
83404
30630
185298
229406
213822
149660
244326
217010
490576
72934
191002
279386
167692
441268
398054
48730
227758
239998
367658
378446
20984
340326
481466
376402
205504
460062
216614
309128
329512
17140
98964
342910
127580
353434
79926
184518
280596
473306
466572
184512
391246
71066
138652
333320
457012
481814
209822
193316
144956
310496
285772
72112
119590
276602
72812
130550
361146
290674
305266
153582
246644
171140
18270
286992
213366
194426
245282
211802
485596
306388
147752
126854
345420
77310
138008
102608
298266
84022
76786
449104
175514
278080
196572
7074
13740
264498
197496
314076
68516
432330
281322
407338
308152
178570
493614
96874
441068
250334
175562
167462
377794
1028
200742
461802
278538
302834
241422
191748
206590
309738
404788
250212
171038
354266
497238
362340
126766
9770
307600
30304
296760
61662
491098
251488
486028
174604
12312
447622
490498
252408
149638
316948
358486
182896
310170
274584
468922
227750
356392
126016
268152
378756
472720
180868
392344
27278
144166
254902
80574
482030
468568
399256
68194
311688
12502
334898
220948
450108
336338
426350
424680
226606
69218
167716
211380
423314
246832
223902
292810
381798
170270
91480
261910
48702
133008
331454
457054
154212
89268
276802
284624
397738
29132
463842
402924
217548
161900
201876
411874
351718
322932
185194
201622
452380
210280
316396
452552
495270
269834
496134
251474
461738
352036
407262
141430
48238
344080
486400
343128
449166
168648
238156
328196
20094
118802
445510
344166
40650
290860
52880
97234
71692
12980
18426
173114
288964
177490
230698
357746
180512
190028
346094
329406
331064
132670
273950
160428
91364
443232
422564
332894
290420
183372
337096
99020
133812
258262
173880
330290
142880
389382
131902
398808
466680
209748
93446
449310
332620
189590
49126
199904
252800
185502
332976
296854
388312
437492
385486
84020
127804
133732
487518
218870
122058
95312
418556
455086
335278
324522
414688
26896
273428
200168
424562
299644
254894
231910
340032
371844
181776
139094
195146
272602
30606
219022
487502
427034
14442
201872
89240
434414
114940
87562
314164
142278
239968
170178
443600
212870
53404
455462
321010
381772
238436
77362
197000
272550
253758
378136
223276
17268
156236
415482
334378
26020
99138
157226
459910
245126
87712
283248
400650
108586
157826
52238
314156
151656
61258
284030
495924
194344
402472
208148
366496
15522
483260
15482
183266
423024
461584
430334
372142
276682
206794
489536
421262
359348
421680
416628
411668
487570
53496
435446
173290
351190
295718
458674
399316
218086
22694
301068
202258
210350
463310
237440
341014
49760
75016
459298
205442
33222
241920
452070
100780
166674
158908
173042
340388
163778
379056
185104
280866
37370
13590
426872
140420
72548
160858
160082
7066
243736
482984
453984
183692
474840
190352
132738
181338
485662
175324
376376
136888
101782
308476
389002
470216
471412
177040
260050
468816
449968
298706
257354
306524
193472
96458
124102
14086
258994
186466
415872
103938
49436
360226
254292
229802
470078
481872
418628
99370
488776
155122
298428
319742
295042
443596
451596
254736
159230
14674
270950
409464
379808
223456
447472
365426
386536
218208
112492
209306
189498
346306
373220
77032
387624
167536
294830
80382
284686
430672
163064
101314
58766
91010
4190
248044
38296
139226
159514
66862
341202
94840
207060
352378
340158
316522
225220
374602
364675
433485
333921
492573
209465
85923
451105
266241
147047
288603
340385
264833
172801
389393
105613
198277
444697
85223
341821
270883
494647
435203
116289
433651
166295
255745
145363
123783
167133
357977
310235
297925
440377
309995
163375
22553
106285
135243
255349
256659
367791
453413
168545
495381
470575
465589
81387
46135
323967
113749
199859
55571
99551
170341
199963
462113
376893
159487
390525
47565
313223
278341
219557
78687
117257
229497
71711
418317
386119
80417
63769
185973
426091
264433
159231
45473
489163
206731
290619
81383
281153
215051
57153
360739
42675
410875
302569
220097
270713
323111
389041
145225
19411
371731
208371
5125
437553
264195
408635
116651
120715
173041
290263
57491
32113
380453
465755
72633
431495
91023
178477
341305
491567
297491
254991
393157
80201
110133
55759
88499
386563
383685
293073
56115
32957
309319
68563
448769
68097
69881
461543
469235
40707
333091
19707
172115
70809
492827
288883
57003
237203
159381
372225
98155
403221
23645
430679
282253
75639
428043
441397
191747
173945
138453
493233
310123
347767
438309
493105
135601
72453
194489
447253
301583
439089
103275
409963
30533
296449
125161
204093
452563
495187
327563
240671
53629
143791
352487
177291
422707
151585
206761
122571
350127
412323
34423
1553
67167
28135
350323
136413
443727
392369
20711
472665
237139
301421
95217
468375
176669
42319
186571
298111
299861
266227
242339
4213
35319
425223
35339
312599
27517
38039
494873
58929
277555
385005
284023
69559
17687
60271
95565
277661
345915
46399
160143
198253
8519
207919
284157
291407
380343
157099
27157
40081
246525
372667
79277
291549
314019
449741
47987
315175
332615
96595
323099
92325
64447
18397
339753
354111
3965
17877
478639
121667
208087
57867
309553
471425
382229
252405
233257
446195
133189
72513
490093
605
45899
18079
333359
251893
168069
205515
334129
190595
405041
95361
377873
60587
160911
190207
457175
171841
59819
18335
345851
127799
452973
100067
449545
418097
474453
83491
481095
364477
185651
471275
159385
41313
346823
479961
332399
137619
378491
320125
195705
280557
480733
251525
454375
15395
323913
264825
237557
498689
257709
271419
47443
281641
264379
130191
414291
165911
117829
13503
415175
75901
275961
77953
339565
59427
122485
150445
485397
256559
275085
352477
191089
107549
424091
420159
120849
123257
274273
459861
76009
448699
273941
293135
23949
227661
34733
401703
410489
55563
43315
269863
288601
271657
356653
442477
211191
467635
121299
271245
297569
17563
172105
414939
54323
462163
285103
55871
209471
51315
98729
213603
278793
48161
26005
196195
355835
72109
485993
323907
489703
63179
43281
50551
448559
63623
95949
237759
92871
189081
444523
437525
236127
420841
165113
267093
390557
306253
190909
190197
75205
329949
338485
38603
75347
477745
207765
113721
312845
494197
422029
262483
204859
129499
109703
374237
434073
53147
15829
386757
22843
444711
93751
125479
438065
176643
97453
341007
174411
100575
200383
60969
456509
153431
220365
350325
495027
25247
44173
308007
391615
133313
113527
449339
357593
311645
118627
340427
392343
266449
309331
221555
258945
211195
434537
423757
495421
28035
248225
448807
320827
86847
415509
352873
322689
472113
410757
64421
68273
346717
245119
245029
323623
17051
408297
184269
115033
259627
9153
98603
70871
216911
411467
114539
472133
393133
416325
2253
51921
174569
450905
116399
172671
466937
282517