219226
256784
407676
262752
297496
347652
169128
301378
392358
9020
288732
188312
499372
277838
332506
277752
473638
142648
387358
362528
257784
119298
388782
309734
279172
175170
375720
431910
418994
447384
447538
148874
129280
196520
266090
343260
77626
188878
418742
17382
188864
399216
221884
202480
258740
335226
104866
61290
331468
411712
228176
351588
362740
323062
114532
262962
229522
148226
241876
444802
293812
166678
126864
374962
165140
131566
208998
25408
354690
109126
134830
293798
18904
103524
7792
429744
482904
118052
41974
67480
287510
329376
256764
467006
226958
19798
350688
202730
314424
423814
357634
453186
128414
226996
477968
109222
387508
16296
298456
488710
471552
218332
323920
181286
420972
404918
85138
170386
309338
103844
56314
119190
167116
498684
405332
376306
352944
316242
320290
367438
21644
209590
308472
305420
25660
308716
66966
143894
455002
475132
106270
12966
297548
377508
26068
422264
424014
186306
286382
107576
92296
485428
7502
105164
427138
167068
113848
24108
84196
445896
407680
427552
203618
233080
493644
145190
426808
353036
175190
354036
184106
299432
246368
448540
77146
216872
121664
471236
13276
25778
342836
411422
411344
275984
238808
369652
328082
291188
95896
403102
392694
313060
498470
92590
64224
74728
195232
132878
311668
30758
97682
92624
223564
297530
247024
329710
93408
50162
227382
156512
384656
59082
347130
238982
361870
463144
463148
4982
55156
277194
443282
434900
111352
463092
296672
187158
396468
272238
241554
352480
380224
473998
45440
87520
374636
458696
363672
417518
227408
126586
350544
184152
248546
487790
378276
332430
190108
356402
14278
175966
360868
33758
81954
69316
367328
439698
487204
273380
433782
410066
461940
168678
365862
212554
311390
429972
293936
277808
261272
195486
133310
111382
3268
172284
270282
465110
140042
11396
19408
349570
473270
47922
98084
114662
360486
475366
339116
9368
12570
255224
162512
39114
94068
192452
232760
331706
91390
296962
47144
154742
353376
152032
483032
104644
40420
83422
380500
375852
161556
32800
125800
147088
87284
231730
388306
492616
189744
220638
45274
267066
176880
19478
440642
453562
260988
299634
53900
282610
107010
335274
308738
195866
226982
179394
149020
495916
406402
49930
133068
385910
454500
33986
205684
164252
413512
8904
274416
419298
246246
136960
351730
494216
351798
2532
306030
335752
478030
365188
292092
36622
52168
281430
285420
475102
12602
463810
444988
56
35376
373424
248840
449202
424308
470640
74758
82774
379888
112914
472804
110548
25328
310828
441816
45838
249254
398046
490266
308106
202126
317104
192944
497384
322724
250654
230134
385702
145062
382560
132132
399380
455426
356832
53064
278
95224
40662
493524
154174
78702
407156
497884
320942
415894
435794
61406
104930
411788
297382
380318
349044
49092
416976
82424
162136
395196
17128
49250
231288
285068
331680
480650
98214
287342
375824
87704
497660
96798
414168
87652
382568
133418
79000
429786
339592
20108
448570
462394
279490
105004
249192
110148
492476
258420
87488
12740
170730
440050
360494
468640
266870
443866
119632
196526
376104
472006
380980
471076
177902
76892
325456
18910
165962
299970
20082
331538
157150
176394
372732
37194
441768
326034
330008
396350
110786
449028
63190
43596
347078
180368
119238
183998
374584
54220
52600
358876
205710
307526
22994
498776
367758
27546
454868
398028
250304
165770
22104
258110
9852
359332
274076
479824
53846
422858
492434
279222
491332
320870
343904
497888
436602
66000
482940
333050
271352
53170
230908
25914
120902
72332
359560
122596
53888
387564
236370
11824
193536
262526
335378
64258
425536
332716
407034
495718
56136
223146
449266
427826
16228
10812
415186
316994
404252
216528
159340
170008
199916
236276
335456
308112
330862
463962
28504
220800
403220
494224
425504
109104
347070
236726
85480
144934
394882
220388
117210
311906
441336
451198
323406
123184
261116
128850
347174
482062
171740
196480
353798
712
387752
126520
450120
9914
7146
69538
50762
402076
324018
62838
344046
310098
3938
386690
95516
142544
247280
371560
220188
101964
453772
206698
283670
159600
437996
38090
242798
119080
323172
153592
158434
42460
24936
338588
91942
45776
125334
308888
260348
326452
126554
402034
152690
151088
174410
313650
493596
152614
61364
159638
1502
152324
78878
351186
72196
191510
77498
315068
132818
139218
351834
318938
170380
147128
88990
45896
401996
362772
360130
319010
412288
361232
279354
104156
354108
213234
18552
165532
13188
193312
414068
25218
208152
489902
109312
341086
197282
72342
39496
492312
259532
329406
444592
243144
71218
78860
199082
152966
219438
36742
407474
453254
6722
134248
320428
423496
282040
422718
307416
351926
494056
170722
363522
392888
179766
473986
249784
88390
307630
24400
304316
492418
333982
202964
177176
286514
259538
90480
435186
14734
215782
205180
435840
467664
197466
381894
499092
399438
202454
353006
188818
213564
269236
402154
84480
110686
2590
41328
396334
360490
332872
221158
187676
302858
223354
491368
171150
244708
213630
324624
275852
363652
4790
148532
74114
51394
220568
402480
618
189750
103702
451584
200360
32860
306344
255474
487016
15872
201310
257626
143412
51914
22224
439422
332204
357158
438214
145776
106044
291772
293172
4210
166066
235302
38880
416904
133178
92944
373720
333428
227344
397282
42522
211238
46520
227478
272858
159692
41274
366648
385030
154440
205178
214892
417472
83532
362824
408864
468422
459676
275750
118994
72712
23720
128
376140
110788
463532
354826
441482
112044
35146
70530
77214
26712
97006
48586
110390
420208
263510
310600
316848
241530
374884
115546
171736
62820
162486
409800
462078
145302
377924
18730
247996
206724
253374
141626
368496
296256
255312
17774
471680
434124
22186
1836
199868
146472
40356
457776
451670
62158
342076
216630
241762
272778
200434
176904
274468
458192
264732
152418
416222
486902
460568
124490
165662
217586
280094
69164
157300
368072
321242
260734
116142
360874
249034
105422
172372
270708
489246
338436
434224
208118
142242
189336
372364
314432
413712
365960
453864
231960
174622
339658
391454
374564
483264
347474
412846
393180
4268
485710
135084
449814
176068
108130
433814
54896
384870
398548
308582
427360
26822
331058
224348
164230
142002
317162
107818
368186
11810
214612
474892
444924
92788
46028
379480
361976
418466
301522
456762
418698
183344
126448
433254
68442
376780
52582
123124
178702
150870
100336
267320
254154
155492
351222
228754
118166
278062
248274
160120
239856
86140
422642
260490
130948
59100
93248
12246
390904
290196
58248
462344
75810
215590
152898
218316
355010
232880
390664
19110
205682
473774
228062
281764
21776
334342
391820
494890
226856
132826
67672
5926
185362
37980
29228
130150
369662
208538
336018
31490
110922
269762
284760
404798
428130
252090
41888
57308
33604
259710
171336
233444
284468
493400
401474
221894
406026
127076
341988
86492
220210
277974
227098
275076
205690
419990
298308
173880
83382
205916
37052
447754
123580
109578
346592
162864
144916
262550
395096
218756
365836
158468
160242
242908
167992
289692
137418
491114
70302
534
462872
254638
242900
175724
359308
488650
238210
383682
218626
145074
265006
449162
301904
409578
268968
184934
250530
490906
14922
103730
453590
259718
270234
364640
134042
366594
389066
321452
430806
282900
459384
32696
249580
315156
380506
224154
285090
137524
71390
39680
30576
164102
364786
94810
412434
285700
275056
400210
206400
166830
412452
70496
196284
74748
291390
274488
341072
485844
383346
421150
151794
311848
83578
72354
47000
50580
392838
270194
302038
84710
25692
94646
1268
293946
248414
115672
156466
143076
450990
42536
28104
329488
278410
117540
65956
69910
327934
436280
412842
389196
76154
196146
35020
18270
412056
461858
148514
494244
446034
115362
50268
333338
13668
383330
217242
91876
270090
12142
473730
231180
255854
202764
430128
241104
462652
55728
268568
21428
442244
112502
436150
130442
239912
391678
333672
79674
389006
232790
337580
234272
261856
72314
52156
339514
452238
67058
468864
458276
167654
49754
211594
287894
356120
59700
265428
473068
326778
111896
10638
79900
87156
1124
236050
33890
328574
276120
407238
236860
413518
43532
260144
323534
285158
422776
373008
50416
135740
432410
437610
208338
2758
486952
372598
141202
354292
109088
169450
38756
385366
309858
255230
103470
348624
113940
413876
291258
338194
394574
267522
68094
412462
414012
189830
12448
444086
64888
8842
131992
497320
453884
187612
232420
116790
3616
342666
9074
400700
43120
480600
459748
442736
163562
59018
215838
286608
123904
492298
436594
236316
126934
60710
61886
467094
438268
23950
19626
65990
266420
271210
347058
286096
497788
47940
219732
175302
426648
494432
238142
348664
364104
120550
107128
164214
439186
221452
268028
254592
355582
199412
206946
442660
161350
255640
74834
296610
77056
384734
489726
495500
25494
237112
58018
85016
364178
265184
123488
385754
277168
76912
169476
56792
293706
66140
472458
197182
361478
481372
371916
255568
103202
304218
494870
254652
422490
208750
9222
337392
239280
9296
141538
298336
335176
294580
84068
275806
244990
427532
417070
217494
232636
388304
124466
262748
258904
214638
23148
371362
485228
111766
47034
264132
364300
498952
414282
183444
114210
135280
241318
456022
248182
346500
312340
367952
468348
125690
198536
8710
77742
497108
38260
69822
147112
463812
258436
183218
421684
279750
413034
250520
96062
302908
157434
492540
289738
125540
340262
285860
223464
172088
355374
195818
266330
173414
148280
97644
432856
213282
366470
483246
227658
393524
190336
208832
347892
431898
311574
185972
313580
60970
407890
304092
464404
333172
395544
33644
385398
171018
386276
9630
113416
247330
434522
401660
50874
484782
205310
66530
159590
256370
108402
4474
470726
92988
481958
495144
209212
268584
354118
450846
443402
271032
415778
7142
156722
119882
82382
277906
429702
142506
156252
98416
376478
466104
492660
79804
148626
409650
382432
177376
416008
161816
94020
29270
59016
18338
299428
109794
207888
312452
319770
267688
105866
286224
49262
338978
327796
199300
372058
348030
91854
453854
123506
109326
286550
210326
189820
61602
218518
131366
257914
407882
350944
37106
432292
194304
216788
413500
218218
324604
308270
488132
84406
47074
195700
222062
190008
494338
189252
206730
169124
348960
21036
189452
402548
268470
479862
124534
465128
213192
376730
452730
138536
248798
31206
111134
256356
343842
277524
435266
30040
323138
380462
252764
450318
248268
341674
366078
47992
286278
44212
220408
77712
207312
134062
136408
198018
98236
158616
25208
380012
30174
305770
444832
180742
462738
175822
256444
113882
363464
68138
381324
311180
336068
155882
187552
404474
349766
187098
208566
122900
409472
148356
121238
377232
51280
279400
318558
106118
277746
257214
196672
140784
203148
457246
216856
306324
44066
470974
445960
414668
288992
290108
199828
290928
150644
455256
135262
419228
285504
211932
412320
473250
148986
297264
313736
104876
170188
195680
199034
477606
244600
115320
232720
126714
497716
62350
133234
97230
58342
343790
206568
280558
21620
439902
387394
490232
492202
387668
92308
16
175094
478106
80944
156598
288202
180256
53094
360754
477422
32472
355578
174290
140484
479914
422262
86680
329804
435616
468242
315840
280140
312550
174078
254438
3036
329508
111448
49026
470220
414608
358010
161662
388724
46430
96392
474620
425246
485324
30044
471462
1706
103516
492088
106054
209242
351362
171902
239224
381650
210152
21360
455170
189992
312342
305102
373414
194950
358552
47036
224776
498170
34418
131956
227476
424992
327764
215836
216094
168010
91726
310688
343544
119034
462310
293334
385078
147120
41534
250812
107778
135012
373190
171226
149588
378978
443090
377818
442142
340194
466074
32058
208722
101148
72740
433016
414990
142760
42614
216416
288028
224084
98674
150552
90130
364634
55190
347964
80544
191076
264256
35084
97982
234946
93774
232006
200382
6602
362298
449246
272954
156088
262456
301950
219018
452016
495418
42482
79190
392028
196764
494074
106622
304382
118482
38692
56942
32892
29396
388004
438690
467776
418928
89362
214534
108790
283844
132990
454666
111300
329902
232428
170116
467368
102756
392168
115396
22604
7090
339910
68312
471374
295906
285696
353312
84992
412072
207250
430254
54106
417174
224704
96154
258410
156502
267448
480582
72464
242516
426318
473554
345260
276646
294722
45472
100516
452312
390288
474372
227618
319250
83010
374322
297408
193412
316516
486534
301032
341444
208456
303848
208824
54918
26854
450914
123986
173410
494930
91698
231420
22086
99834
28752
196082
403332
8404
343030
147854
389554
243512
438200
80648
182516
74992
112036
262510
275960
92466
497410
274512
364358
187684
63994
229852
199884
467824
66940
280404
277958
346230
290840
99002
467516
450152
386600
443652
357878
134590
439066
56298
37934
300356
368812
468320
328838
470934
177736
363706
117012
83616
38284
89624
221872
356194
470060
457014
136474
60212
174626
101184
261304
1260
337466
117832
71078
309262
298978
339010
321386
484900
438698
33260
456210
480838
481738
123874
74572
176052
286338
38190
390496
495844
277218
142982
419120
461742
295236
478190
127770
409162
34342
73370
283924
170046
268186
458166
157308
120396
223028
227006
355280
140172
165438
402558
294558
129878
429498
114212
79704
311488
127896
274780
299864
340128
231306
43564
193248
499210
53342
155440
156776
89272
12838
350298
70962
233116
458812
115514
20588
344596
470746
227822
14362
213364
384090
360522
417712
75960
407856
351704
31990
309720
308798
434086
107434
232152
340046
28778
297234
371666
261288
459802
132992
419256
448204
369300
3294
388178
200898
136576
449402
14820
218604
410748
198252
401130
400284
234294
150110
436204
133546
480464
455202
80078
80042
220122
65462
93736
32606
270918
466174
387028
1410
5128
476296
450554
27778
388176
390796
249170
323240
199446
496590
457568
430582
360806
475774
424562
410054
313600
138452
232742
499186
404084
397540
397876
365208
46720
305498
355944
491536
54946
377312
236298
260976
3068
487922
5134
296954
45598
317154
343584
129344
80296
66182
315250
224378
334184
489872
48950
43802
174398
142338
483814
381630
115586
198554
25904
95726
332552
377640
110362
196948
145392
301716
221612
368848
125942
478674
143742
190508
282734
392878
333640
148638
479406
82928
457494
68236
214146
15648
236418
311868
180296
36430
320880
347862
170970
325052
203898
413790
8630
133634
375168
72698
402926
322562
265702
10736
167338
144918
47574
395656
272040
410364
243638
272546
204872
91518
249908
370278
497304
423674
52656
334720
127510
307380
168146
39676
160556
40986
366500
258516
385362
229872
460018
192486
487774
10116
371152
487366
22382
128114
317102
239656
417290
498888
449388
17512
37784
183450
51356
251748
4670
401994
173150
16468
83154
273044
209680
110652
206970
402862
395770
87782
468196
201232
454788
430990
397310
306684
482290
295942
134636
359168
128898
439314
485016
393174
169432
288958
42720
348734
211620
163924
111248
344746
353360
137454
5506
32910
290568
329106
1338
89768
313618
307486
141970
484422
113686
61756
430924
207086
386754
261244
370626
43492
489328
343168
43152
422912
312912
144632
467672
16840
25828
490238
168958
16202
461956
224366
161154
243668
86100
224578
342656
341504
420272
103862
8394
128446
467574
492782
70784
247176
54000
364806
33704
326024
72512
203444
239314
95922
472894
252598
2962
363916
133070
23312
271796
81670
239488
372050
253476
391116
457110
74462
88946
395694
388450
100878
393532
1906
127416
174958
190234
189264
406336
193140
421894
485676
104088
64364
344850
229728
42264
266682
347042
283696
225626
277026
482894
72076
301308
233220
259194
218548
217654
186074
413844
15908
138282
431906
305240
435722
476088
289792
331600
347614
285388
9518
237046
383456
374776
460610
27440
410094
71230
363382
385566
7398
155220
14896
39610
285086
291620
53904
28312
340174
296044
108342
386418
478368
498608
474482
75546
447810
329732
248770
352204
7136
188898
148752
51144
261998
96264
54262
45884
315372
394264
69762
490816
463552
8588
267356
352816
448566
366586
222800
346610
325502
365430
161568
300038
240194
437528
389924
54894
497168
220150
495362
367224
341658
409902
36824
176156
36606
413046
231418
137584
233848
162102
435316
336424
218116
19440
102876
37254
15626
219882
34082
466318
237592
212156
397298
373816
41088
206812
240262
228538
185618
151312
170800
400792
326130
361658
223834
145522
380678
390576
122440
127628
199912
304882
246434
21964
249958
54050
470264
100364
316420
214082
140662
119726
344186
205534
214046
426442
348472
137978
181952
65848
170914
168822
379754
221448
308942
136258
156132
137440
214250
140202
205008
367978
433272
121012
245818
89968
214246
284932
183476
389578
91910
199534
226212
258162
469072
70844
411626
401320
295716
179386
318784
459060
481458
26440
297842
64730
7760
86460
497534
47248
168234
431356
48482
423440
422678
373902
100706
455546
492236
16062
346104
478306
87204
274366
465048
193586
80834
441700
293494
67154
289676
2496
296752
350336
319234
270130
249198
231134
244144
158020
413444
83754
206855
305159
287691
283623
332199
355159
156379
499359
208477
262043
46941
475563
67169
59983
595
398531
249209
283729
191569
494793
388185
47121
124307
203685
79553
6499
87473
437657
51323
30035
263957
99603
71205
290573
320253
214279
154319
156361
89613
334467
105101
420409
327837
102429
445265
37929
96567
15997
170517
72189
316707
471223
34557
278381
354497
45281
84457
124943
279809
365901
262321
488249
30665
396201
262051
264547
98109
352937
486465
288571
270331
306859
32781
64407
450379
53061
486599
191219
239183
292321
309019
437251
162183
199165
155589
150053
307087
433189
232295
172483
280571
306189
27707
349035
229567
194747
209111
447339
485399
230965
100463
126437
173813
143577
338423
121701
202519
413353
17151
366931
472365
61339
426047
236583
88761
41361
24271
499119
231155
314741
163951
353907
66595
128233
176273
58497
308341
243119
498311
123071
33619
288607
202911
461221
146223
369611
352529
183153
28271
120449
81251
289513
262499
438111
343731
179175
269159
237435
138477
426649
291023
444207
403453
253585
431043
363813
410073
67239
390355
285577
36671
302719
136419
10043
193587
132771
154401
179953
273077
484283
215545
89683
103095
119305
172657
166571
181969
153747
271829
143647
178535
406809
154653
79197
176415
439241
189807
183521
436121
208463
334335
221035
387831
463847
46119
76939
14467
435277
4823
498757
492397
257719
218373
353167
123977
341601
125187
66455
39451
326825
61165
427411
431969
96809
265561
112667
21313
69177
349599
106959
431651
84319
35493
197323
393175
303921
132889
164495
406077
408731
307007
185883
207651
180033
141261
12913
318773
101531
477291
202169
384365
462641
321685
448803
170097
445541
482095
458795
183511
15893
142379
478383
85615
261615
329181
446813
64165
105637
388341
310357
495925
447425
320091
419967
360323
221511
100521
499621
414081
34495
490153
213465
412783
65607
441345
174503
455659
94937
269869
473931
456987
176543
454085
144617
263011
59979
69497
249113
362063
387027
62785
356987
467309
41083
205353
338617
382623
1139
230373
127783
124973
469301
481051
112161
290595
133211
358809
128519
44477
380029
260205
62455
438641
324695
497551
139375
114125
363209
27457
472057
337691
6735
25227
344489
455093
416963
492015
7473
185729
23447
19565
143381
259831
318439
278937
189087
341737
217049
359329
5985
486991
309845
101285
205815
183291
163343
339209
192177
364895
111705
11571
471777
445367
204803
192101
110435
176217
466581
472209
439913
340167
256197
366783
195909
136061
219867
457573
126453
102459
163725
230237
485247
38827
71845
413645
464517
466761
478761
318153
424769
394295
339439
8411
2163
384311
59081
140609
256255
145529
305303
451855
156329
111723
56739
39189
447869
241069
10653
327911
41363
195597
334009
89737
313821
121919
76881
22081
485721
305137
447651
303983
125433
25889
216413
284449
386061
80713
149235
435053
92859
230923
463421
343031
470397
50821
101417
115025
84575
473495
469303
33281
292877
13183
93095
342027
422653
79147
103153
495563
31131
213365
88377
468795
318957
92815
316661
102957
218303
29177
441819
136071
358299
410215
53429
140593
89403
56145
292473
25399
420341
72031
484139
96295
269551
42707
276541
62171
335389
306927
270569
331819
61407
234515
425905
244493
353249
406419
341565
412287
118719
89219
363525
322627
432123
157811
66001
220171
194285
294921
190011
39457
138295
254407
412093
62891
442929
118425
177757
35437
380697
227505
451537
265307
468327
412167
439723
492423
399087
357561
236819
413559
278449
55823
327959
323465
444225
187979
9227
118033
257647
432365
104081
77457
405055
233583
129475
295507
416883
451189
337723
378237
156639
203029
166437
346777
166827
188285
80009
14781
127851
260285
435419
419495
83527
62873
113669
403135
277241
376589
42277
367965
104565
52299
171125
450923
135857
70619
281849
467787
140281
61731
419575
324699
270235
48065
291127
484393
272693
417665
494975
118767
380607
541
140635
5057
239563
120605
264063
113299
329405
80173
294121
317181
297957
283747
103063
346023
478155
32987
70873
477973
162603
157407
362561
433185
50835
154683
91015
179203
354557
402491
267075
405969
205059
81275
363029
118545
395651
176341
391363
126871
54495
156327
412197
201065
71339
143445
113091
309591
291677
32141
367375
39243
350499
65615
105351
274205
439563
274467
255237
491365
246825
9261
172167
92521
248505
182681
180769
14497
275197
29263
188241
384557
436331
366863
221777
189697
244631
251329
403933
149411
264593
444637
332571
47721
178545
243419
246865
150551
220221
476647
17061
220989
466611
495247
431357
404297
105439
89521
96199
58385
237039
172845
32741
110547
18155
304693
182499
28195
67911
182985
355577
81925
271227
20429
267983
402203
252961
440277
412179
463499
470629
405425
73427
453455
375631
207793
480333
156751
498059
96947
229755
239317
493163
54021
231999
310157
116863
20711
334867
53739
178879
342739
343197
417601
386363
248205
454563
102813
287853
29281
83163
178005
406175
485919
188287
306421
95459
54227
329347
228527
74199
487433
248507
441545
449165
389857
396741
337567
23313
45505
79031
174923
418911
170873
168951
280889
53881
79761
18809
211645
455365
228993
12707
463531
409377
304507
297913
270805
70261
161579
146815
70549
317553
414701
105481
233379
425467
287365
313563
399237
323055
377725
261477
436531
328583
459459
362457
303737
209457
499175
274247
20821
366565
188045
301733
178975
70381
351317
209859
184097
287233
135109
453825
360599
31017
296337
30957
248221
52345
463745
141501
411081
358345
33017
492197
276751
80805
137725
137397
363329
361179
93515
313583
261679
7011
387109
272345
180653
58619
14713
196213
152111
141139
489865
91805
56203
487339
394163
464801
277045
496843
149757
334731
232213
1709
211009
445261
254647
296689
307967
297783
274421
150731
118907
280487
432047
46037
76345
269653
172525
7369
273229
344553
427571
5975
126173
27237
372815
436249
370473
189545
325403
380823
353081
109663
58787
237215
338863
202989
288781
233285
151011
11549
391
194729
275839
476843
357053
468229
233747
256901
449727
241843
262883
66797
61485
430713
387083
258625
224279
239803
488679
38693
91501
460535
156499
4485
17361
355813
44649
382065
127059
251815
430699
435457
308199
240685
177765
118775
480943
366847
346979
170837
21433
330597
365339
299921
499883
233461
208701
376701
409267
39357
450089
95249
156351
175115
33155
451317
1659
136451
259703
391303
434741
7875
76683
379737
46769
167245
427253
109693
81723
321971
112157
254625
481253
262925
78375
473231
195321
355917
496329
405897
339497
205435
466563
9769
447201
210193
474807
315989
132859
414503
366469
329003
339699
148805
144579
403375
233499
22471
95855
279255
366355
361753
283677
433501
390399
138795
392129
299291
495053
434089
490897
306603
195587
310347
168151
423909
177033
319707
490437
493603
286593
358775
352279
338501
389531
447551
321759
264515
84445
213525
58955
70971
360525
139997
274935
60275
381077
36407
443621
288395
490817
139729
72309
495495
114813
171009
218151
159047
140171
49133
365295
330469
475663
122545
342371
223515
229787
358447
322483
166897
110561
486179
261751
348961
100629
476601
314621
132845
581
382915
25645
363593
256237
105145
195085
465975
190777
240081
422867
210567
204097
47335
25845
137151
135499
183719
312819
259939
148351
180751
238441
160991
119527
427167
237
195957
271287
465469
367961
277159
10739
254159
69041
181641
73487
332447
493461
84673
83375
356547
143549
314347
467723
368481
366487
255845
150747
430655
334091
23969
372127
78855
434685
150721
354765
195927
429005
301935
92629
490359
241265
151607
264559
15799
425701
354791
94551
466403
108813
330157
128023
306823
168277
358365
362559
371915
248817
294463
190559
469723
444629
232281
409163
488617
388741
481737
221013
129421
67611
81295
482143
153505
391827
138967
443911
163591
490615
355529
327851
145331
368409
360497
46565
55251
11839
118083
208099
104571
323207
348729
80757
176219
197091
284231
325171
406951
346263
156203
23127
305013
209135
29899
250801
444967
79129
179415
210207
115051
214675
192287
16081
296465
367817
77847
257699
295393
179085
69321
339607
405421
262875
498393
51899
221393
499577
42243
18877
65113
364009
73779
223627
395877
314827
391277
90093
124811
269055
110101
411561
248859
258407
211651
430947
424023
282589
121029
73031
310053
89173
306857
461183
155343
401685
154765
26985
274023
334631
461717
275923
489941
373875
140735
484671
88835
229769
248959
114927
87327
407089
347127
474633
460587
333315
211181
383127
216415
139777
109199
238601
451859
482509
435627
3023
294295
477409
29147
379225
368699
421379
254735
464259
275187
287707
239725
112047
268689
119441
331279
199333
423271
13401
286851
270109
445347
14905
206669
14595
162969
330345
22025
421155
401149
98745
181587
223707
121137
97005
52661
409175
375981
281271
152713
210283
88389
480989
492615
108583
93769
152093
472911
252589
276133
36619
382135
228433
243963
422793
40929
27309
344899
110723
472731
369151
126231
274981
384623
144487
84505
67283
27701
147295
56089
177225
331377
204663
118755
149715
440773
390319
142229
58363
212559
153753
444431
233927
339417
171303
489655
324477
394519
121467
172667
266469
424633
49707
192127
34193
421103
94121
301547
73635
424745
226877
79845
483387
165259
290225
140055
299253
455991
92837
44341
424155
47253
173497
290667
364029
194257
57631
358595
28317
133113
134769
73651
454669
378793
376511
232059
282585
385015
105589
443945
102293
450079
197199
146573
206095
280267
189327
6035
417733
127357
20389
16735
321161
92105
412709
179063
46077
193681
160519
293009
211539
153853
478271
53173
167043
39143
498381
415365
247843
392901
112125
475903
456133
421045
106963
318195
144417
29343
409799
62253
167173
259429
118113
194925
199763
341051
334313
148573
498541
364653
427891
235859
79737
270747
379129
364199
414435
347411
253205
219891
368775
261281
332113
137985
386121
472903
166349
419741
434867
431183
213195
303687
390073
4677
41
386251
139335
50489
206313
16547
347959
326285
266067
287109
417719
154455
8437
255305
461905
365649
103901
7883
366175
236759
483939
293093
3191
48833
129681
301609
250497
291257
184335
329189
147585
423211
391551
418485
106561
464413
289147
484841
441475
133123
475459
351073
276659
2845
199701
343149
24803
385819
33737
367423
413207
269503
323021
152953
225625
286283
481255
126573
121337
16421
186843
236527
463313
329681
385409
60311
225295
467631
57609
333905
281909
56059
396641
10705
215991
393207
34319
430357
132183
343879
105545
429169
27109
150547
305797
132515
427337
39117
197725
119937
174115
395315
151447
392813
464073
189603
284837
138043
446507
29097
310141
472469
212605
272883
221345
372695
328163
469225
105223
2453
5343
334691
207053
230577
386971
193933
79339
10511
149797
189021
144099
245287
120829
446075
261091
130521
256095
243651
417511
72753
190509
389245
318993
429079
431381
28399
108587
270011
97365
136999
336029
44627
58903
187879
486899
337167
217153
252183
429119
284721
89351
7383
80203
82339
107051
242759
464707
273423
475487
229981
414737
86343
176587
239737
104823
205621
202089
261389
279133
96055
487997
498069
468255
432523
94685
102031
39739
170539
442107
388095
458167
336975
429965
18657
364403
262275
93389
64117
407903
238475
427629
127307
145453
262269
1227
158475
21397
19317
411495
346103
339441
236163
414065
400805
112657
208551
420385
182757
364559
423919
25137
337771
34479
246819
171891
289403
194091
263153
408941
98811
336295
261703
426943
489217
168325
69997
105479
474337
201993
393267
269463
3021
168517
235391
252011
36041
51539
40941
46059
131375
201497
474227
74493
489237
104601
296851
285923
340329
364633
17857
61751
354673
345917
330177
320753
143839
60417
369901
270793
32925
76859
408367
139801
196161
193821
359853
121595
90037
342649
2121
255253
482563
46443
458605
461449
499399
413325
203391
79575
29031
419897
93237
39321
320439
33057
411371
221309
208103
10503
382475
124253
1035
139601
268305
465007
284795
241893
189627
398767
341255
472511
290315
438541
265711
408551
70647
861
41127
467641
20953
199591
232781
446077
190505
54831
126831
304643
344583
81493
467985
93631
241007
482571
494951
427763
109227
221929
294339
321893
419067
185989
498005
380139
332125
464137
157469
162331
2075
130811
28127
130563
386947
87747
162467
171973
422655
402345
221461
464805
97257
278019
270093
288133
471177
489429
396815
244535
454017
309305
393009
48185
375231
422563
448513
246037
332871
308547
129625
411837
458477
366777
389591
140841
98409
315627
258683
358567
482365
479439
256909
164343
254767
154023
349963
313621
142631
481447
134729
269575
324847
168891
496879
404343
351779
476659
192889
234505
314871
64331
247247
16959
250235
163909
149489
419003
355877
190181
242817
449983
381159
337981
362915
133761
434321
270191
418259
479011
95479
205133
183605
385675
22885
255543
46265
401559
155195
214297
395063
492103
251473
134351
101333
284591
479387
216451
6839
459407
316035
94057
262401
314961
95765
248809
78085
350721
142743
381001
83563
230885
363991
107199
368323
403195
463377
164947
69261
28409
264869
257489
352807
487659
56543
64559
222805
108277
243789
112489
92609
313795
215047
416895
89829
121213
240159
492967
259219
154335
23233
353103
20257
492711
206187
154143
349283
200289
499911
290109
410917
216249
274579
402555
304089
207851
224169
147399
58257
382609
487055
496263
1815
115161
479553
81749
402975
459659
25039
57533
449347
49857
312039
28983
147355
366517
102371
266461
220397
299345
230565
241235
56379
271797
372947
55085
475831
113759
483733
4329
379741
219741
384107
277179
203015
7763
146737
250553
117901
8305
189905
35407
231649
416583
363815
87727
12267
291811
495939
246647
421137
4979
150123
36493
145023
275217
157185
149021
480807
380155
200365
292195
5167
147869
252909
90939
187901
78405
393323
171771
229861
47377
99073
293357
405749
251239
3435
470251
150179
458643
310557
390529
146335
28323
194379
131087
383159
431737
381711
273775
207561
80293
225211
471659
210257
434799
328747
402349
488175
359113
441011
4493
137273
82709
117657
258807
91537
395947
136187
436977
243485
34815
442323
377543
210453
81389
297275
251069
424317
26863
220367
86203
180065
67837
62881
246437
386939
356049
307359
19885
231583
426617
149557
37841
478443
384275
382563
429185
406895
138989
253881
441725
228891
301327
440885
403655
491323
310365
199959
158781
19849
149993
116845
4699
142615
200633
23861
63123
148109
64665
267849
174909
12271
93867
227393
195593
387639
248247
6555
497617
172939
491355
244203
367275
144453
471493
470379
332801
249781
261775
400695
257819
188299
72675
301319
461921
61541
87841
151395
490321
122295
65645
390729
469925
361769
43687
387567
313151
295601
259107
33131
499513
164851
462581
24477
476411
392113
319013
132201
289563
131077
9793
155371
318303
177207
189237
323037
179649
168183
170215
119771
130037
157359
195851
102991
64251
209609
277599
467527
354391
338485
307769
219371
234519
174529
184743
335955
55013
233729
11527
499553
69183
418731
362407
327205
457113
165141
416703
1451
446873
6577
99441
51825
398989
362537
175901
8937
9243
272123
330487
160245
396333
310609
57189
266561
251373
91487
314413
42399
246357
141633
373569
306483
58747
481693
243853
411245
491957
443889
280337
141703
374285
113203
308811
325911
102809
403957
385733
338351
497887
280311
162933
42463
137407
31431
178881
401285
57903
343627
106583
432069
93297
351537
406361
115117
225975
492657
291761
79669
14083
384035
214001
189795
310447
73185
366451
421023
443149
291403
56631
494531
407949
444187
374769
415475
471865
913
388201
14389
494037
154895
324705
188577
217773
297553
123159
12081
40489
328549
388663
113317
240653
246959
18287
395839
266107
8945
251867
90667
497613
427865
188929
356439
220089
49249
211637
73
140695
499533
447743
181757
378883
286025
422221
63399
157979
128185
284151
288157
211473
217315
37965
87715
479891
72263
82253
361267
220177
76505
51041
479829
237341
88753
360731
244641
198007
161945
47549
452729
436753
497941
105285
39937
373125
166021
320417
213987
221111
41813
241109
276315
338455
273535
303853
101667
363727
9439
407965
111695
283717
445967
302489
222315
51135
127953
390403
187167
132743
21813
210689
148473
88397
80085
465799
421263
45769
1071
292765
3637
323657
430017
262829
69319
330685
369917
450845
206151
102253
191995
420407
498629
119567
239479
381027
109577
160739
413423
275191
367341
408823
355759
48505
115791
476131
486177
459371
292033
470007
127393
158813
23119
288735
421829
310615
88683
431727
18699
105847
173781
95231
331591
228247
233709
25001
28757
96925
177961
283605
354057
319691
244463
52403
309539
348051
375107
196015
5503
439025
324359
294777
294123
305179
451123
89981
400631
442361
433051
340109
304217
452633
364339
211487
83139
67607
230495
91633
343729
131893
196849
148521
212719
297661
81277
230205
19385
452845
147623
118557
95387
342573
444481
119073
126651
438991
137533
434907
59841
258615
208939
336565
383513
491155
40953
132359
244505
386095
315735
493109
430343
252753
431369
486795
432311
35775
290409
205431
472501
282641
288673
249493
238447
276359
308771