30
30
30
30
30
30
30
30
30
30
30
30
30
30
30
30
30
30
30
30
30
30
30
30
30
30
30
30
30
30
30
30
30
30
30
30
30
30
30
30
30
30
30
30
30
30
30
30
30
30
25
25
25
25
25
25
25
25
25
25
25
25
25
25
25
25
25
25
25
25
25
25
25
25
25
25
25
25
25
25
25
25
25
25
25
25
25
25
25
25
25
25
25
25
25
25
25
25
25
25
50
50
50
50
50
50
50
50
50
50
50
50
50
50
50
50
50
50
50
50
50
50
50
50
50
50
50
50
50
50
50
50
50
50
50
50
50
50
50
50
50
50
50
50
50
50
50
50
50
50
45
45
45
45
45
45
45
45
45
45
45
45
45
45
45
45
45
45
45
45
45
45
45
45
45
45
45
45
45
45
45
45
45
45
45
45
45
45
45
45
45
45
45
45
45
45
45
45
45
45
70
70
70
70
70
70
70
70
70
70
70
70
70
70
70
70
70
70
70
70
70
70
70
70
70
70
70
70
70
70
70
70
70
70
70
70
70
70
70
70
70
70
70
70
70
70
70
70
70
70
65
65
65
65
65
65
65
65
65
65
65
65
65
65
65
65
65
65
65
65
65
65
65
65
65
65
65
65
65
65
65
65
65
65
65
65
65
65
65
65
65
65
65
65
65
65
65
65
65
65
90
90
90
90
90
90
90
90
90
90
90
90
90
90
90
90
90
90
90
90
90
90
90
90
90
90
90
90
90
90
90
90
90
90
90
90
90
90
90
90
90
90
90
90
90
90
90
90
90
90
85
85
85
85
85
85
85
85
85
85
85
85
85
85
85
85
85
85
85
85
85
85
85
85
85
85
85
85
85
85
85
85
85
85
85
85
85
85
85
85
85
85
85
85
85
85
85
85
85
85
110
110
110
110
110
110
110
110
110
110
110
110
110
110
110
110
110
110
110
110
110
110
110
110
110
110
110
110
110
110
110
110
110
110
110
110
110
110
110
110
110
110
110
110
110
110
110
110
110
110
105
105
105
105
105
105
105
105
105
105
105
105
105
105
105
105
105
105
105
105
105
105
105
105
105
105
105
105
105
105
105
105
105
105
105
105
105
105
105
105
105
105
105
105
105
105
105
105
105
105
130
130
130
130
130
130
130
130
130
130
130
130
130
130
130
130
130
130
130
130
130
130
130
130
130
130
130
130
130
130
130
130
130
130
130
130
130
130
130
130
130
130
130
130
130
130
130
130
130
130
125
125
125
125
125
125
125
125
125
125
125
125
125
125
125
125
125
125
125
125
125
125
125
125
125
125
125
125
125
125
125
125
125
125
125
125
125
125
125
125
125
125
125
125
125
125
125
125
125
125
150
150
150
150
150
150
150
150
150
150
150
150
150
150
150
150
150
150
150
150
150
150
150
150
150
150
150
150
150
150
150
150
150
150
150
150
150
150
150
150
150
150
150
150
150
150
150
150
150
150
145
145
145
145
145
145
145
145
145
145
145
145
145
145
145
145
145
145
145
145
145
145
145
145
145
145
145
145
145
145
145
145
145
145
145
145
145
145
145
145
145
145
145
145
145
145
145
145
145
145
170
170
170
170
170
170
170
170
170
170
170
170
170
170
170
170
170
170
170
170
170
170
170
170
170
170
170
170
170
170
170
170
170
170
170
170
170
170
170
170
170
170
170
170
170
170
170
170
170
170
165
165
165
165
165
165
165
165
165
165
165
165
165
165
165
165
165
165
165
165
165
165
165
165
165
165
165
165
165
165
165
165
165
165
165
165
165
165
165
165
165
165
165
165
165
165
165
165
165
165
190
190
190
190
190
190
190
190
190
190
190
190
190
190
190
190
190
190
190
190
190
190
190
190
190
190
190
190
190
190
190
190
190
190
190
190
190
190
190
190
190
190
190
190
190
190
190
190
190
190
185
185
185
185
185
185
185
185
185
185
185
185
185
185
185
185
185
185
185
185
185
185
185
185
185
185
185
185
185
185
185
185
185
185
185
185
185
185
185
185
185
185
185
185
185
185
185
185
185
185
210
210
210
210
210
210
210
210
210
210
210
210
210
210
210
210
210
210
210
210
210
210
210
210
210
210
210
210
210
210
210
210
210
210
210
210
210
210
210
210
210
210
210
210
210
210
210
210
210
210
205
205
205
205
205
205
205
205
205
205
205
205
205
205
205
205
205
205
205
205
205
205
205
205
205
205
205
205
205
205
205
205
205
205
205
205
205
205
205
205
205
205
205
205
205
205
205
205
205
205
230
230
230
230
230
230
230
230
230
230
230
230
230
230
230
230
230
230
230
230
230
230
230
230
230
230
230
230
230
230
230
230
230
230
230
230
230
230
230
230
230
230
230
230
230
230
230
230
230
230
225
225
225
225
225
225
225
225
225
225
225
225
225
225
225
225
225
225
225
225
225
225
225
225
225
225
225
225
225
225
225
225
225
225
225
225
225
225
225
225
225
225
225
225
225
225
225
225
225
225
250
250
250
250
250
250
250
250
250
250
250
250
250
250
250
250
250
250
250
250
250
250
250
250
250
250
250
250
250
250
250
250
250
250
250
250
250
250
250
250
250
250
250
250
250
250
250
250
250
250
245
245
245
245
245
245
245
245
245
245
245
245
245
245
245
245
245
245
245
245
245
245
245
245
245
245
245
245
245
245
245
245
245
245
245
245
245
245
245
245
245
245
245
245
245
245
245
245
245
245
270
270
270
270
270
270
270
270
270
270
270
270
270
270
270
270
270
270
270
270
270
270
270
270
270
270
270
270
270
270
270
270
270
270
270
270
270
270
270
270
270
270
270
270
270
270
270
270
270
270
265
265
265
265
265
265
265
265
265
265
265
265
265
265
265
265
265
265
265
265
265
265
265
265
265
265
265
265
265
265
265
265
265
265
265
265
265
265
265
265
265
265
265
265
265
265
265
265
265
265
290
290
290
290
290
290
290
290
290
290
290
290
290
290
290
290
290
290
290
290
290
290
290
290
290
290
290
290
290
290
290
290
290
290
290
290
290
290
290
290
290
290
290
290
290
290
290
290
290
290
285
285
285
285
285
285
285
285
285
285
285
285
285
285
285
285
285
285
285
285
285
285
285
285
285
285
285
285
285
285
285
285
285
285
285
285
285
285
285
285
285
285
285
285
285
285
285
285
285
285
310
310
310
310
310
310
310
310
310
310
310
310
310
310
310
310
310
310
310
310
310
310
310
310
310
310
310
310
310
310
310
310
310
310
310
310
310
310
310
310
310
310
310
310
310
310
310
310
310
310
305
305
305
305
305
305
305
305
305
305
305
305
305
305
305
305
305
305
305
305
305
305
305
305
305
305
305
305
305
305
305
305
305
305
305
305
305
305
305
305
305
305
305
305
305
305
305
305
305
305
330
330
330
330
330
330
330
330
330
330
330
330
330
330
330
330
330
330
330
330
330
330
330
330
330
330
330
330
330
330
330
330
330
330
330
330
330
330
330
330
330
330
330
330
330
330
330
330
330
330
325
325
325
325
325
325
325
325
325
325
325
325
325
325
325
325
325
325
325
325
325
325
325
325
325
325
325
325
325
325
325
325
325
325
325
325
325
325
325
325
325
325
325
325
325
325
325
325
325
325
350
350
350
350
350
350
350
350
350
350
350
350
350
350
350
350
350
350
350
350
350
350
350
350
350
350
350
350
350
350
350
350
350
350
350
350
350
350
350
350
350
350
350
350
350
350
350
350
350
350
345
345
345
345
345
345
345
345
345
345
345
345
345
345
345
345
345
345
345
345
345
345
345
345
345
345
345
345
345
345
345
345
345
345
345
345
345
345
345
345
345
345
345
345
345
345
345
345
345
345
370
370
370
370
370
370
370
370
370
370
370
370
370
370
370
370
370
370
370
370
370
370
370
370
370
370
370
370
370
370
370
370
370
370
370
370
370
370
370
370
370
370
370
370
370
370
370
370
370
370
365
365
365
365
365
365
365
365
365
365
365
365
365
365
365
365
365
365
365
365
365
365
365
365
365
365
365
365
365
365
365
365
365
365
365
365
365
365
365
365
365
365
365
365
365
365
365
365
365
365
390
390
390
390
390
390
390
390
390
390
390
390
390
390
390
390
390
390
390
390
390
390
390
390
390
390
390
390
390
390
390
390
390
390
390
390
390
390
390
390
390
390
390
390
390
390
390
390
390
390
385
385
385
385
385
385
385
385
385
385
385
385
385
385
385
385
385
385
385
385
385
385
385
385
385
385
385
385
385
385
385
385
385
385
385
385
385
385
385
385
385
385
385
385
385
385
385
385
385
385
410
410
410
410
410
410
410
410
410
410
410
410
410
410
410
410
410
410
410
410
410
410
410
410
410
410
410
410
410
410
410
410
410
410
410
410
410
410
410
410
410
410
410
410
410
410
410
410
410
410
405
405
405
405
405
405
405
405
405
405
405
405
405
405
405
405
405
405
405
405
405
405
405
405
405
405
405
405
405
405
405
405
405
405
405
405
405
405
405
405
405
405
405
405
405
405
405
405
405
405
430
430
430
430
430
430
430
430
430
430
430
430
430
430
430
430
430
430
430
430
430
430
430
430
430
430
430
430
430
430
430
430
430
430
430
430
430
430
430
430
430
430
430
430
430
430
430
430
430
430
425
425
425
425
425
425
425
425
425
425
425
425
425
425
425
425
425
425
425
425
425
425
425
425
425
425
425
425
425
425
425
425
425
425
425
425
425
425
425
425
425
425
425
425
425
425
425
425
425
425
450
450
450
450
450
450
450
450
450
450
450
450
450
450
450
450
450
450
450
450
450
450
450
450
450
450
450
450
450
450
450
450
450
450
450
450
450
450
450
450
450
450
450
450
450
450
450
450
450
450
445
445
445
445
445
445
445
445
445
445
445
445
445
445
445
445
445
445
445
445
445
445
445
445
445
445
445
445
445
445
445
445
445
445
445
445
445
445
445
445
445
445
445
445
445
445
445
445
445
445
470
470
470
470
470
470
470
470
470
470
470
470
470
470
470
470
470
470
470
470
470
470
470
470
470
470
470
470
470
470
470
470
470
470
470
470
470
470
470
470
470
470
470
470
470
470
470
470
470
470
465
465
465
465
465
465
465
465
465
465
465
465
465
465
465
465
465
465
465
465
465
465
465
465
465
465
465
465
465
465
465
465
465
465
465
465
465
465
465
465
465
465
465
465
465
465
465
465
465
465
490
490
490
490
490
490
490
490
490
490
490
490
490
490
490
490
490
490
490
490
490
490
490
490
490
490
490
490
490
490
490
490
490
490
490
490
490
490
490
490
490
490
490
490
490
490
490
490
490
490
485
485
485
485
485
485
485
485
485
485
485
485
485
485
485
485
485
485
485
485
485
485
485
485
485
485
485
485
485
485
485
485
485
485
485
485
485
485
485
485
485
485
485
485
485
485
485
485
485
485
510
510
510
510
510
510
510
510
510
510
510
510
510
510
510
510
510
510
510
510
510
510
510
510
510
510
510
510
510
510
510
510
510
510
510
510
510
510
510
510
510
510
510
510
510
510
510
510
510
510
505
505
505
505
505
505
505
505
505
505
505
505
505
505
505
505
505
505
505
505
505
505
505
505
505
505
505
505
505
505
505
505
505
505
505
505
505
505
505
505
505
505
505
505
505
505
505
505
505
505
530
530
530
530
530
530
530
530
530
530
530
530
530
530
530
530
530
530
530
530
530
530
530
530
530
530
530
530
530
530
530
530
530
530
530
530
530
530
530
530
530
530
530
530
530
530
530
530
530
530
525
525
525
525
525
525
525
525
525
525
525
525
525
525
525
525
525
525
525
525
525
525
525
525
525
525
525
525
525
525
525
525
525
525
525
525
525
525
525
525
525
525
525
525
525
525
525
525
525
525
550
550
550
550
550
550
550
550
550
550
550
550
550
550
550
550
550
550
550
550
550
550
550
550
550
550
550
550
550
550
550
550
550
550
550
550
550
550
550
550
550
550
550
550
550
550
550
550
550
550
545
545
545
545
545
545
545
545
545
545
545
545
545
545
545
545
545
545
545
545
545
545
545
545
545
545
545
545
545
545
545
545
545
545
545
545
545
545
545
545
545
545
545
545
545
545
545
545
545
545
570
570
570
570
570
570
570
570
570
570
570
570
570
570
570
570
570
570
570
570
570
570
570
570
570
570
570
570
570
570
570
570
570
570
570
570
570
570
570
570
570
570
570
570
570
570
570
570
570
570
565
565
565
565
565
565
565
565
565
565
565
565
565
565
565
565
565
565
565
565
565
565
565
565
565
565
565
565
565
565
565
565
565
565
565
565
565
565
565
565
565
565
565
565
565
565
565
565
565
565
590
590
590
590
590
590
590
590
590
590
590
590
590
590
590
590
590
590
590
590
590
590
590
590
590
590
590
590
590
590
590
590
590
590
590
590
590
590
590
590
590
590
590
590
590
590
590
590
590
590
585
585
585
585
585
585
585
585
585
585
585
585
585
585
585
585
585
585
585
585
585
585
585
585
585
585
585
585
585
585
585
585
585
585
585
585
585
585
585
585
585
585
585
585
585
585
585
585
585
585
610
610
610
610
610
610
610
610
610
610
610
610
610
610
610
610
610
610
610
610
610
610
610
610
610
610
610
610
610
610
610
610
610
610
610
610
610
610
610
610
610
610
610
610
610
610
610
610
610
610
605
605
605
605
605
605
605
605
605
605
605
605
605
605
605
605
605
605
605
605
605
605
605
605
605
605
605
605
605
605
605
605
605
605
605
605
605
605
605
605
605
605
605
605
605
605
605
605
605
605
630
630
630
630
630
630
630
630
630
630
630
630
630
630
630
630
630
630
630
630
630
630
630
630
630
630
630
630
630
630
630
630
630
630
630
630
630
630
630
630
630
630
630
630
630
630
630
630
630
630
625
625
625
625
625
625
625
625
625
625
625
625
625
625
625
625
625
625
625
625
625
625
625
625
625
625
625
625
625
625
625
625
625
625
625
625
625
625
625
625
625
625
625
625
625
625
625
625
625
625
650
650
650
650
650
650
650
650
650
650
650
650
650
650
650
650
650
650
650
650
650
650
650
650
650
650
650
650
650
650
650
650
650
650
650
650
650
650
650
650
650
650
650
650
650
650
650
650
650
650
645
645
645
645
645
645
645
645
645
645
645
645
645
645
645
645
645
645
645
645
645
645
645
645
645
645
645
645
645
645
645
645
645
645
645
645
645
645
645
645
645
645
645
645
645
645
645
645
645
645
670
670
670
670
670
670
670
670
670
670
670
670
670
670
670
670
670
670
670
670
670
670
670
670
670
670
670
670
670
670
670
670
670
670
670
670
670
670
670
670
670
670
670
670
670
670
670
670
670
670
665
665
665
665
665
665
665
665
665
665
665
665
665
665
665
665
665
665
665
665
665
665
665
665
665
665
665
665
665
665
665
665
665
665
665
665
665
665
665
665
665
665
665
665
665
665
665
665
665
665
690
690
690
690
690
690
690
690
690
690
690
690
690
690
690
690
690
690
690
690
690
690
690
690
690
690
690
690
690
690
690
690
690
690
690
690
690
690
690
690
690
690
690
690
690
690
690
690
690
690
685
685
685
685
685
685
685
685
685
685
685
685
685
685
685
685
685
685
685
685
685
685
685
685
685
685
685
685
685
685
685
685
685
685
685
685
685
685
685
685
685
685
685
685
685
685
685
685
685
685
710
710
710
710
710
710
710
710
710
710
710
710
710
710
710
710
710
710
710
710
710
710
710
710
710
710
710
710
710
710
710
710
710
710
710
710
710
710
710
710
710
710
710
710
710
710
710
710
710
710
705
705
705
705
705
705
705
705
705
705
705
705
705
705
705
705
705
705
705
705
705
705
705
705
705
705
705
705
705
705
705
705
705
705
705
705
705
705
705
705
705
705
705
705
705
705
705
705
705
705
730
730
730
730
730
730
730
730
730
730
730
730
730
730
730
730
730
730
730
730
730
730
730
730
730
730
730
730
730
730
730
730
730
730
730
730
730
730
730
730
730
730
730
730
730
730
730
730
730
730
725
725
725
725
725
725
725
725
725
725
725
725
725
725
725
725
725
725
725
725
725
725
725
725
725
725
725
725
725
725
725
725
725
725
725
725
725
725
725
725
725
725
725
725
725
725
725
725
725
725
750
750
750
750
750
750
750
750
750
750
750
750
750
750
750
750
750
750
750
750
750
750
750
750
750
750
750
750
750
750
750
750
750
750
750
750
750
750
750
750
750
750
750
750
750
750
750
750
750
750
745
745
745
745
745
745
745
745
745
745
745
745
745
745
745
745
745
745
745
745
745
745
745
745
745
745
745
745
745
745
745
745
745
745
745
745
745
745
745
745
745
745
745
745
745
745
745
745
745
745
770
770
770
770
770
770
770
770
770
770
770
770
770
770
770
770
770
770
770
770
770
770
770
770
770
770
770
770
770
770
770
770
770
770
770
770
770
770
770
770
770
770
770
770
770
770
770
770
770
770
765
765
765
765
765
765
765
765
765
765
765
765
765
765
765
765
765
765
765
765
765
765
765
765
765
765
765
765
765
765
765
765
765
765
765
765
765
765
765
765
765
765
765
765
765
765
765
765
765
765
790
790
790
790
790
790
790
790
790
790
790
790
790
790
790
790
790
790
790
790
790
790
790
790
790
790
790
790
790
790
790
790
790
790
790
790
790
790
790
790
790
790
790
790
790
790
790
790
790
790
785
785
785
785
785
785
785
785
785
785
785
785
785
785
785
785
785
785
785
785
785
785
785
785
785
785
785
785
785
785
785
785
785
785
785
785
785
785
785
785
785
785
785
785
785
785
785
785
785
785
810
810
810
810
810
810
810
810
810
810
810
810
810
810
810
810
810
810
810
810
810
810
810
810
810
810
810
810
810
810
810
810
810
810
810
810
810
810
810
810
810
810
810
810
810
810
810
810
810
810
805
805
805
805
805
805
805
805
805
805
805
805
805
805
805
805
805
805
805
805
805
805
805
805
805
805
805
805
805
805
805
805
805
805
805
805
805
805
805
805
805
805
805
805
805
805
805
805
805
805
830
830
830
830
830
830
830
830
830
830
830
830
830
830
830
830
830
830
830
830
830
830
830
830
830
830
830
830
830
830
830
830
830
830
830
830
830
830
830
830
830
830
830
830
830
830
830
830
830
830
825
825
825
825
825
825
825
825
825
825
825
825
825
825
825
825
825
825
825
825
825
825
825
825
825
825
825
825
825
825
825
825
825
825
825
825
825
825
825
825
825
825
825
825
825
825
825
825
825
825
850
850
850
850
850
850
850
850
850
850
850
850
850
850
850
850
850
850
850
850
850
850
850
850
850
850
850
850
850
850
850
850
850
850
850
850
850
850
850
850
850
850
850
850
850
850
850
850
850
850
845
845
845
845
845
845
845
845
845
845
845
845
845
845
845
845
845
845
845
845
845
845
845
845
845
845
845
845
845
845
845
845
845
845
845
845
845
845
845
845
845
845
845
845
845
845
845
845
845
845
870
870
870
870
870
870
870
870
870
870
870
870
870
870
870
870
870
870
870
870
870
870
870
870
870
870
870
870
870
870
870
870
870
870
870
870
870
870
870
870
870
870
870
870
870
870
870
870
870
870
865
865
865
865
865
865
865
865
865
865
865
865
865
865
865
865
865
865
865
865
865
865
865
865
865
865
865
865
865
865
865
865
865
865
865
865
865
865
865
865
865
865
865
865
865
865
865
865
865
865
890
890
890
890
890
890
890
890
890
890
890
890
890
890
890
890
890
890
890
890
890
890
890
890
890
890
890
890
890
890
890
890
890
890
890
890
890
890
890
890
890
890
890
890
890
890
890
890
890
890
885
885
885
885
885
885
885
885
885
885
885
885
885
885
885
885
885
885
885
885
885
885
885
885
885
885
885
885
885
885
885
885
885
885
885
885
885
885
885
885
885
885
885
885
885
885
885
885
885
885
910
910
910
910
910
910
910
910
910
910
910
910
910
910
910
910
910
910
910
910
910
910
910
910
910
910
910
910
910
910
910
910
910
910
910
910
910
910
910
910
910
910
910
910
910
910
910
910
910
910
905
905
905
905
905
905
905
905
905
905
905
905
905
905
905
905
905
905
905
905
905
905
905
905
905
905
905
905
905
905
905
905
905
905
905
905
905
905
905
905
905
905
905
905
905
905
905
905
905
905
930
930
930
930
930
930
930
930
930
930
930
930
930
930
930
930
930
930
930
930
930
930
930
930
930
930
930
930
930
930
930
930
930
930
930
930
930
930
930
930
930
930
930
930
930
930
930
930
930
930
925
925
925
925
925
925
925
925
925
925
925
925
925
925
925
925
925
925
925
925
925
925
925
925
925
925
925
925
925
925
925
925
925
925
925
925
925
925
925
925
925
925
925
925
925
925
925
925
925
925
950
950
950
950
950
950
950
950
950
950
950
950
950
950
950
950
950
950
950
950
950
950
950
950
950
950
950
950
950
950
950
950
950
950
950
950
950
950
950
950
950
950
950
950
950
950
950
950
950
950
945
945
945
945
945
945
945
945
945
945
945
945
945
945
945
945
945
945
945
945
945
945
945
945
945
945
945
945
945
945
945
945
945
945
945
945
945
945
945
945
945
945
945
945
945
945
945
945
945
945
970
970
970
970
970
970
970
970
970
970
970
970
970
970
970
970
970
970
970
970
970
970
970
970
970
970
970
970
970
970
970
970
970
970
970
970
970
970
970
970
970
970
970
970
970
970
970
970
970
970
965
965
965
965
965
965
965
965
965
965
965
965
965
965
965
965
965
965
965
965
965
965
965
965
965
965
965
965
965
965
965
965
965
965
965
965
965
965
965
965
965
965
965
965
965
965
965
965
965
965
990
990
990
990
990
990
990
990
990
990
990
990
990
990
990
990
990
990
990
990
990
990
990
990
990
990
990
990
990
990
990
990
990
990
990
990
990
990
990
990
990
990
990
990
990
990
990
990
990
990
985
985
985
985
985
985
985
985
985
985
985
985
985
985
985
985
985
985
985
985
985
985
985
985
985
985
985
985
985
985
985
985
985
985
985
985
985
985
985
985
985
985
985
985
985
985
985
985
985
985
1010
1010
1010
1010
1010
1010
1010
1010
1010
1010
1010
1010
1010
1010
1010
1010
1010
1010
1010
1010
1010
1010
1010
1010
1010
1010
1010
1010
1010
1010
1010
1010
1010
1010
1010
1010
1010
1010
1010
1010
1010
1010
1010
1010
1010
1010
1010
1010
1010
1010
1005
1005
1005
1005
1005
1005
1005
1005
1005
1005
1005
1005
1005
1005
1005
1005
1005
1005
1005
1005
1005
1005
1005
1005
1005
1005
1005
1005
1005
1005
1005
1005
1005
1005
1005
1005
1005
1005
1005
1005
1005
1005
1005
1005
1005
1005
1005
1005
1005
1005
1030
1030
1030
1030
1030
1030
1030
1030
1030
1030
1030
1030
1030
1030
1030
1030
1030
1030
1030
1030
1030
1030
1030
1030
1030
1030
1030
1030
1030
1030
1030
1030
1030
1030
1030
1030
1030
1030
1030
1030
1030
1030
1030
1030
1030
1030
1030
1030
1030
1030
1025
1025
1025
1025
1025
1025
1025
1025
1025
1025
1025
1025
1025
1025
1025
1025
1025
1025
1025
1025
1025
1025
1025
1025
1025
1025
1025
1025
1025
1025
1025
1025
1025
1025
1025
1025
1025
1025
1025
1025
1025
1025
1025
1025
1025
1025
1025
1025
1025
1025
1050
1050
1050
1050
1050
1050
1050
1050
1050
1050
1050
1050
1050
1050
1050
1050
1050
1050
1050
1050
1050
1050
1050
1050
1050
1050
1050
1050
1050
1050
1050
1050
1050
1050
1050
1050
1050
1050
1050
1050
1050
1050
1050
1050
1050
1050
1050
1050
1050
1050
1045
1045
1045
1045
1045
1045
1045
1045
1045
1045
1045
1045
1045
1045
1045
1045
1045
1045
1045
1045
1045
1045
1045
1045
1045
1045
1045
1045
1045
1045
1045
1045
1045
1045
1045
1045
1045
1045
1045
1045
1045
1045
1045
1045
1045
1045
1045
1045
1045
1045
1070
1070
1070
1070
1070
1070
1070
1070
1070
1070
1070
1070
1070
1070
1070
1070
1070
1070
1070
1070
1070
1070
1070
1070
1070
1070
1070
1070
1070
1070
1070
1070
1070
1070
1070
1070
1070
1070
1070
1070
1070
1070
1070
1070
1070
1070
1070
1070
1070
1070
1065
1065
1065
1065
1065
1065
1065
1065
1065
1065
1065
1065
1065
1065
1065
1065
1065
1065
1065
1065
1065
1065
1065
1065
1065
1065
1065
1065
1065
1065
1065
1065
1065
1065
1065
1065
1065
1065
1065
1065
1065
1065
1065
1065
1065
1065
1065
1065
1065
1065
1090
1090
1090
1090
1090
1090
1090
1090
1090
1090
1090
1090
1090
1090
1090
1090
1090
1090
1090
1090
1090
1090
1090
1090
1090
1090
1090
1090
1090
1090
1090
1090
1090
1090
1090
1090
1090
1090
1090
1090
1090
1090
1090
1090
1090
1090
1090
1090
1090
1090
1085
1085
1085
1085
1085
1085
1085
1085
1085
1085
1085
1085
1085
1085
1085
1085
1085
1085
1085
1085
1085
1085
1085
1085
1085
1085
1085
1085
1085
1085
1085
1085
1085
1085
1085
1085
1085
1085
1085
1085
1085
1085
1085
1085
1085
1085
1085
1085
1085
1085
1110
1110
1110
1110
1110
1110
1110
1110
1110
1110
1110
1110
1110
1110
1110
1110
1110
1110
1110
1110
1110
1110
1110
1110
1110
1110
1110
1110
1110
1110
1110
1110
1110
1110
1110
1110
1110
1110
1110
1110
1110
1110
1110
1110
1110
1110
1110
1110
1110
1110
1105
1105
1105
1105
1105
1105
1105
1105
1105
1105
1105
1105
1105
1105
1105
1105
1105
1105
1105
1105
1105
1105
1105
1105
1105
1105
1105
1105
1105
1105
1105
1105
1105
1105
1105
1105
1105
1105
1105
1105
1105
1105
1105
1105
1105
1105
1105
1105
1105
1105
1130
1130
1130
1130
1130
1130
1130
1130
1130
1130
1130
1130
1130
1130
1130
1130
1130
1130
1130
1130
1130
1130
1130
1130
1130
1130
1130
1130
1130
1130
1130
1130
1130
1130
1130
1130
1130
1130
1130
1130
1130
1130
1130
1130
1130
1130
1130
1130
1130
1130
1125
1125
1125
1125
1125
1125
1125
1125
1125
1125
1125
1125
1125
1125
1125
1125
1125
1125
1125
1125
1125
1125
1125
1125
1125
1125
1125
1125
1125
1125
1125
1125
1125
1125
1125
1125
1125
1125
1125
1125
1125
1125
1125
1125
1125
1125
1125
1125
1125
1125
1150
1150
1150
1150
1150
1150
1150
1150
1150
1150
1150
1150
1150
1150
1150
1150
1150
1150
1150
1150
1150
1150
1150
1150
1150
1150
1150
1150
1150
1150
1150
1150
1150
1150
1150
1150
1150
1150
1150
1150
1150
1150
1150
1150
1150
1150
1150
1150
1150
1150
1145
1145
1145
1145
1145
1145
1145
1145
1145
1145
1145
1145
1145
1145
1145
1145
1145
1145
1145
1145
1145
1145
1145
1145
1145
1145
1145
1145
1145
1145
1145
1145
1145
1145
1145
1145
1145
1145
1145
1145
1145
1145
1145
1145
1145
1145
1145
1145
1145
1145
1170
1170
1170
1170
1170
1170
1170
1170
1170
1170
1170
1170
1170
1170
1170
1170
1170
1170
1170
1170
1170
1170
1170
1170
1170
1170
1170
1170
1170
1170
1170
1170
1170
1170
1170
1170
1170
1170
1170
1170
1170
1170
1170
1170
1170
1170
1170
1170
1170
1170
1165
1165
1165
1165
1165
1165
1165
1165
1165
1165
1165
1165
1165
1165
1165
1165
1165
1165
1165
1165
1165
1165
1165
1165
1165
1165
1165
1165
1165
1165
1165
1165
1165
1165
1165
1165
1165
1165
1165
1165
1165
1165
1165
1165
1165
1165
1165
1165
1165
1165
1190
1190
1190
1190
1190
1190
1190
1190
1190
1190
1190
1190
1190
1190
1190
1190
1190
1190
1190
1190
1190
1190
1190
1190
1190
1190
1190
1190
1190
1190
1190
1190
1190
1190
1190
1190
1190
1190
1190
1190
1190
1190
1190
1190
1190
1190
1190
1190
1190
1190
1185
1185
1185
1185
1185
1185
1185
1185
1185
1185
1185
1185
1185
1185
1185
1185
1185
1185
1185
1185
1185
1185
1185
1185
1185
1185
1185
1185
1185
1185
1185
1185
1185
1185
1185
1185
1185
1185
1185
1185
1185
1185
1185
1185
1185
1185
1185
1185
1185
1185
1210
1210
1210
1210
1210
1210
1210
1210
1210
1210
1210
1210
1210
1210
1210
1210
1210
1210
1210
1210
1210
1210
1210
1210
1210
1210
1210
1210
1210
1210
1210
1210
1210
1210
1210
1210
1210
1210
1210
1210
1210
1210
1210
1210
1210
1210
1210
1210
1210
1210
1205
1205
1205
1205
1205
1205
1205
1205
1205
1205
1205
1205
1205
1205
1205
1205
1205
1205
1205
1205
1205
1205
1205
1205
1205
1205
1205
1205
1205
1205
1205
1205
1205
1205
1205
1205
1205
1205
1205
1205
1205
1205
1205
1205
1205
1205
1205
1205
1205
1205
1230
1230
1230
1230
1230
1230
1230
1230
1230
1230
1230
1230
1230
1230
1230
1230
1230
1230
1230
1230
1230
1230
1230
1230
1230
1230
1230
1230
1230
1230
1230
1230
1230
1230
1230
1230
1230
1230
1230
1230
1230
1230
1230
1230
1230
1230
1230
1230
1230
1230
1225
1225
1225
1225
1225
1225
1225
1225
1225
1225
1225
1225
1225
1225
1225
1225
1225
1225
1225
1225
1225
1225
1225
1225
1225
1225
1225
1225
1225
1225
1225
1225
1225
1225
1225
1225
1225
1225
1225
1225
1225
1225
1225
1225
1225
1225
1225
1225
1225
1225
1250
1250
1250
1250
1250
1250
1250
1250
1250
1250
1250
1250
1250
1250
1250
1250
1250
1250
1250
1250
1250
1250
1250
1250
1250
1250
1250
1250
1250
1250
1250
1250
1250
1250
1250
1250
1250
1250
1250
1250
1250
1250
1250
1250
1250
1250
1250
1250
1250
1250
1245
1245
1245
1245
1245
1245
1245
1245
1245
1245
1245
1245
1245
1245
1245
1245
1245
1245
1245
1245
1245
1245
1245
1245
1245
1245
1245
1245
1245
1245
1245
1245
1245
1245
1245
1245
1245
1245
1245
1245
1245
1245
1245
1245
1245
1245
1245
1245
1245
1245
1270
1270
1270
1270
1270
1270
1270
1270
1270
1270
1270
1270
1270
1270
1270
1270
1270
1270
1270
1270
1270
1270
1270
1270
1270
1270
1270
1270
1270
1270
1270
1270
1270
1270
1270
1270
1270
1270
1270
1270
1270
1270
1270
1270
1270
1270
1270
1270
1270
1270
1265
1265
1265
1265
1265
1265
1265
1265
1265
1265
1265
1265
1265
1265
1265
1265
1265
1265
1265
1265
1265
1265
1265
1265
1265
1265
1265
1265
1265
1265
1265
1265
1265
1265
1265
1265
1265
1265
1265
1265
1265
1265
1265
1265
1265
1265
1265
1265
1265
1265
1290
1290
1290
1290
1290
1290
1290
1290
1290
1290
1290
1290
1290
1290
1290
1290
1290
1290
1290
1290
1290
1290
1290
1290
1290
1290
1290
1290
1290
1290
1290
1290
1290
1290
1290
1290
1290
1290
1290
1290
1290
1290
1290
1290
1290
1290
1290
1290
1290
1290
1285
1285
1285
1285
1285
1285
1285
1285
1285
1285
1285
1285
1285
1285
1285
1285
1285
1285
1285
1285
1285
1285
1285
1285
1285
1285
1285
1285
1285
1285
1285
1285
1285
1285
1285
1285
1285
1285
1285
1285
1285
1285
1285
1285
1285
1285
1285
1285
1285
1285
1310
1310
1310
1310
1310
1310
1310
1310
1310
1310
1310
1310
1310
1310
1310
1310
1310
1310
1310
1310
1310
1310
1310
1310
1310
1310
1310
1310
1310
1310
1310
1310
1310
1310
1310
1310
1310
1310
1310
1310
1310
1310
1310
1310
1310
1310
1310
1310
1310
1310
1305
1305
1305
1305
1305
1305
1305
1305
1305
1305
1305
1305
1305
1305
1305
1305
1305
1305
1305
1305
1305
1305
1305
1305
1305
1305
1305
1305
1305
1305
1305
1305
1305
1305
1305
1305
1305
1305
1305
1305
1305
1305
1305
1305
1305
1305
1305
1305
1305
1305
1330
1330
1330
1330
1330
1330
1330
1330
1330
1330
1330
1330
1330
1330
1330
1330
1330
1330
1330
1330
1330
1330
1330
1330
1330
1330
1330
1330
1330
1330
1330
1330
1330
1330
1330
1330
1330
1330
1330
1330
1330
1330
1330
1330
1330
1330
1330
1330
1330
1330
1325
1325
1325
1325
1325
1325
1325
1325
1325
1325
1325
1325
1325
1325
1325
1325
1325
1325
1325
1325
1325
1325
1325
1325
1325
1325
1325
1325
1325
1325
1325
1325
1325
1325
1325
1325
1325
1325
1325
1325
1325
1325
1325
1325
1325
1325
1325
1325
1325
1325
1350
1350
1350
1350
1350
1350
1350
1350
1350
1350
1350
1350
1350
1350
1350
1350
1350
1350
1350
1350
1350
1350
1350
1350
1350
1350
1350
1350
1350
1350
1350
1350
1350
1350
1350
1350
1350
1350
1350
1350
1350
1350
1350
1350
1350
1350
1350
1350
1350
1350
1345
1345
1345
1345
1345
1345
1345
1345
1345
1345
1345
1345
1345
1345
1345
1345
1345
1345
1345
1345
1345
1345
1345
1345
1345
1345
1345
1345
1345
1345
1345
1345
1345
1345
1345
1345
1345
1345
1345
1345
1345
1345
1345
1345
1345
1345
1345
1345
1345
1345
1370
1370
1370
1370
1370
1370
1370
1370
1370
1370
1370
1370
1370
1370
1370
1370
1370
1370
1370
1370
1370
1370
1370
1370
1370
1370
1370
1370
1370
1370
1370
1370
1370
1370
1370
1370
1370
1370
1370
1370
1370
1370
1370
1370
1370
1370
1370
1370
1370
1370
1365
1365
1365
1365
1365
1365
1365
1365
1365
1365
1365
1365
1365
1365
1365
1365
1365
1365
1365
1365
1365
1365
1365
1365
1365
1365
1365
1365
1365
1365
1365
1365
1365
1365
1365
1365
1365
1365
1365
1365
1365
1365
1365
1365
1365
1365
1365
1365
1365
1365
1390
1390
1390
1390
1390
1390
1390
1390
1390
1390
1390
1390
1390
1390
1390
1390
1390
1390
1390
1390
1390
1390
1390
1390
1390
1390
1390
1390
1390
1390
1390
1390
1390
1390
1390
1390
1390
1390
1390
1390
1390
1390
1390
1390
1390
1390
1390
1390
1390
1390
1385
1385
1385
1385
1385
1385
1385
1385
1385
1385
1385
1385
1385
1385
1385
1385
1385
1385
1385
1385
1385
1385
1385
1385
1385
1385
1385
1385
1385
1385
1385
1385
1385
1385
1385
1385
1385
1385
1385
1385
1385
1385
1385
1385
1385
1385
1385
1385
1385
1385
1410
1410
1410
1410
1410
1410
1410
1410
1410
1410
1410
1410
1410
1410
1410
1410
1410
1410
1410
1410
1410
1410
1410
1410
1410
1410
1410
1410
1410
1410
1410
1410
1410
1410
1410
1410
1410
1410
1410
1410
1410
1410
1410
1410
1410
1410
1410
1410
1410
1410
1405
1405
1405
1405
1405
1405
1405
1405
1405
1405
1405
1405
1405
1405
1405
1405
1405
1405
1405
1405
1405
1405
1405
1405
1405
1405
1405
1405
1405
1405
1405
1405
1405
1405
1405
1405
1405
1405
1405
1405
1405
1405
1405
1405
1405
1405
1405
1405
1405
1405
1430
1430
1430
1430
1430
1430
1430
1430
1430
1430
1430
1430
1430
1430
1430
1430
1430
1430
1430
1430
1430
1430
1430
1430
1430
1430
1430
1430
1430
1430
1430
1430
1430
1430
1430
1430
1430
1430
1430
1430
1430
1430
1430
1430
1430
1430
1430
1430
1430
1430
1425
1425
1425
1425
1425
1425
1425
1425
1425
1425
1425
1425
1425
1425
1425
1425
1425
1425
1425
1425
1425
1425
1425
1425
1425
1425
1425
1425
1425
1425
1425
1425
1425
1425
1425
1425
1425
1425
1425
1425
1425
1425
1425
1425
1425
1425
1425
1425
1425
1425
1450
1450
1450
1450
1450
1450
1450
1450
1450
1450
1450
1450
1450
1450
1450
1450
1450
1450
1450
1450
1450
1450
1450
1450
1450
1450
1450
1450
1450
1450
1450
1450
1450
1450
1450
1450
1450
1450
1450
1450
1450
1450
1450
1450
1450
1450
1450
1450
1450
1450
1445
1445
1445
1445
1445
1445
1445
1445
1445
1445
1445
1445
1445
1445
1445
1445
1445
1445
1445
1445
1445
1445
1445
1445
1445
1445
1445
1445
1445
1445
1445
1445
1445
1445
1445
1445
1445
1445
1445
1445
1445
1445
1445
1445
1445
1445
1445
1445
1445
1445
1470
1470
1470
1470
1470
1470
1470
1470
1470
1470
1470
1470
1470
1470
1470
1470
1470
1470
1470
1470
1470
1470
1470
1470
1470
1470
1470
1470
1470
1470
1470
1470
1470
1470
1470
1470
1470
1470
1470
1470
1470
1470
1470
1470
1470
1470
1470
1470
1470
1470
1465
1465
1465
1465
1465
1465
1465
1465
1465
1465
1465
1465
1465
1465
1465
1465
1465
1465
1465
1465
1465
1465
1465
1465
1465
1465
1465
1465
1465
1465
1465
1465
1465
1465
1465
1465
1465
1465
1465
1465
1465
1465
1465
1465
1465
1465
1465
1465
1465
1465
1490
1490
1490
1490
1490
1490
1490
1490
1490
1490
1490
1490
1490
1490
1490
1490
1490
1490
1490
1490
1490
1490
1490
1490
1490
1490
1490
1490
1490
1490
1490
1490
1490
1490
1490
1490
1490
1490
1490
1490
1490
1490
1490
1490
1490
1490
1490
1490
1490
1490
1485
1485
1485
1485
1485
1485
1485
1485
1485
1485
1485
1485
1485
1485
1485
1485
1485
1485
1485
1485
1485
1485
1485
1485
1485
1485
1485
1485
1485
1485
1485
1485
1485
1485
1485
1485
1485
1485
1485
1485
1485
1485
1485
1485
1485
1485
1485
1485
1485
1485
1510
1510
1510
1510
1510
1510
1510
1510
1510
1510
1510
1510
1510
1510
1510
1510
1510
1510
1510
1510
1510
1510
1510
1510
1510
1510
1510
1510
1510
1510
1510
1510
1510
1510
1510
1510
1510
1510
1510
1510
1510
1510
1510
1510
1510
1510
1510
1510
1510
1510
1505
1505
1505
1505
1505
1505
1505
1505
1505
1505
1505
1505
1505
1505
1505
1505
1505
1505
1505
1505
1505
1505
1505
1505
1505
1505
1505
1505
1505
1505
1505
1505
1505
1505
1505
1505
1505
1505
1505
1505
1505
1505
1505
1505
1505
1505
1505
1505
1505
1505
1530
1530
1530
1530
1530
1530
1530
1530
1530
1530
1530
1530
1530
1530
1530
1530
1530
1530
1530
1530
1530
1530
1530
1530
1530
1530
1530
1530
1530
1530
1530
1530
1530
1530
1530
1530
1530
1530
1530
1530
1530
1530
1530
1530
1530
1530
1530
1530
1530
1530
1525
1525
1525
1525
1525
1525
1525
1525
1525
1525
1525
1525
1525
1525
1525
1525
1525
1525
1525
1525
1525
1525
1525
1525
1525
1525
1525
1525
1525
1525
1525
1525
1525
1525
1525
1525
1525
1525
1525
1525
1525
1525
1525
1525
1525
1525
1525
1525
1525
1525
1550
1550
1550
1550
1550
1550
1550
1550
1550
1550
1550
1550
1550
1550
1550
1550
1550
1550
1550
1550
1550
1550
1550
1550
1550
1550
1550
1550
1550
1550
1550
1550
1550
1550
1550
1550
1550
1550
1550
1550
1550
1550
1550
1550
1550
1550
1550
1550
1550
1550
1545
1545
1545
1545
1545
1545
1545
1545
1545
1545
1545
1545
1545
1545
1545
1545
1545
1545
1545
1545
1545
1545
1545
1545
1545
1545
1545
1545
1545
1545
1545
1545
1545
1545
1545
1545
1545
1545
1545
1545
1545
1545
1545
1545
1545
1545
1545
1545
1545
1545
1570
1570
1570
1570
1570
1570
1570
1570
1570
1570
1570
1570
1570
1570
1570
1570
1570
1570
1570
1570
1570
1570
1570
1570
1570
1570
1570
1570
1570
1570
1570
1570
1570
1570
1570
1570
1570
1570
1570
1570
1570
1570
1570
1570
1570
1570
1570
1570
1570
1570
1565
1565
1565
1565
1565
1565
1565
1565
1565
1565
1565
1565
1565
1565
1565
1565
1565
1565
1565
1565
1565
1565
1565
1565
1565
1565
1565
1565
1565
1565
1565
1565
1565
1565
1565
1565
1565
1565
1565
1565
1565
1565
1565
1565
1565
1565
1565
1565
1565
1565
1590
1590
1590
1590
1590
1590
1590
1590
1590
1590
1590
1590
1590
1590
1590
1590
1590
1590
1590
1590
1590
1590
1590
1590
1590
1590
1590
1590
1590
1590
1590
1590
1590
1590
1590
1590
1590
1590
1590
1590
1590
1590
1590
1590
1590
1590
1590
1590
1590
1590
1585
1585
1585
1585
1585
1585
1585
1585
1585
1585
1585
1585
1585
1585
1585
1585
1585
1585
1585
1585
1585
1585
1585
1585
1585
1585
1585
1585
1585
1585
1585
1585
1585
1585
1585
1585
1585
1585
1585
1585
1585
1585
1585
1585
1585
1585
1585
1585
1585
1585
1610
1610
1610
1610
1610
1610
1610
1610
1610
1610
1610
1610
1610
1610
1610
1610
1610
1610
1610
1610
1610
1610
1610
1610
1610
1610
1610
1610
1610
1610
1610
1610
1610
1610
1610
1610
1610
1610
1610
1610
1610
1610
1610
1610
1610
1610
1610
1610
1610
1610
1605
1605
1605
1605
1605
1605
1605
1605
1605
1605
1605
1605
1605
1605
1605
1605
1605
1605
1605
1605
1605
1605
1605
1605
1605
1605
1605
1605
1605
1605
1605
1605
1605
1605
1605
1605
1605
1605
1605
1605
1605
1605
1605
1605
1605
1605
1605
1605
1605
1605
1630
1630
1630
1630
1630
1630
1630
1630
1630
1630
1630
1630
1630
1630
1630
1630
1630
1630
1630
1630
1630
1630
1630
1630
1630
1630
1630
1630
1630
1630
1630
1630
1630
1630
1630
1630
1630
1630
1630
1630
1630
1630
1630
1630
1630
1630
1630
1630
1630
1630
1625
1625
1625
1625
1625
1625
1625
1625
1625
1625
1625
1625
1625
1625
1625
1625
1625
1625
1625
1625
1625
1625
1625
1625
1625
1625
1625
1625
1625
1625
1625
1625
1625
1625
1625
1625
1625
1625
1625
1625
1625
1625
1625
1625
1625
1625
1625
1625
1625
1625
1650
1650
1650
1650
1650
1650
1650
1650
1650
1650
1650
1650
1650
1650
1650
1650
1650
1650
1650
1650
1650
1650
1650
1650
1650
1650
1650
1650
1650
1650
1650
1650
1650
1650
1650
1650
1650
1650
1650
1650
1650
1650
1650
1650
1650
1650
1650
1650
1650
1650
1645
1645
1645
1645
1645
1645
1645
1645
1645
1645
1645
1645
1645
1645
1645
1645
1645
1645
1645
1645
1645
1645
1645
1645
1645
1645
1645
1645
1645
1645
1645
1645
1645
1645
1645
1645
1645
1645
1645
1645
1645
1645
1645
1645
1645
1645
1645
1645
1645
1645
1670
1670
1670
1670
1670
1670
1670
1670
1670
1670
1670
1670
1670
1670
1670
1670
1670
1670
1670
1670
1670
1670
1670
1670
1670
1670
1670
1670
1670
1670
1670
1670
1670
1670
1670
1670
1670
1670
1670
1670
1670
1670
1670
1670
1670
1670
1670
1670
1670
1670
1665
1665
1665
1665
1665
1665
1665
1665
1665
1665
1665
1665
1665
1665
1665
1665
1665
1665
1665
1665
1665
1665
1665
1665
1665
1665
1665
1665
1665
1665
1665
1665
1665
1665
1665
1665
1665
1665
1665
1665
1665
1665
1665
1665
1665
1665
1665
1665
1665
1665
1690
1690
1690
1690
1690
1690
1690
1690
1690
1690
1690
1690
1690
1690
1690
1690
1690
1690
1690
1690
1690
1690
1690
1690
1690
1690
1690
1690
1690
1690
1690
1690
1690
1690
1690
1690
1690
1690
1690
1690
1690
1690
1690
1690
1690
1690
1690
1690
1690
1690
1685
1685
1685
1685
1685
1685
1685
1685
1685
1685
1685
1685
1685
1685
1685
1685
1685
1685
1685
1685
1685
1685
1685
1685
1685
1685
1685
1685
1685
1685
1685
1685
1685
1685
1685
1685
1685
1685
1685
1685
1685
1685
1685
1685
1685
1685
1685
1685
1685
1685
1710
1710
1710
1710
1710
1710
1710
1710
1710
1710
1710
1710
1710
1710
1710
1710
1710
1710
1710
1710
1710
1710
1710
1710
1710
1710
1710
1710
1710
1710
1710
1710
1710
1710
1710
1710
1710
1710
1710
1710
1710
1710
1710
1710
1710
1710
1710
1710
1710
1710
1705
1705
1705
1705
1705
1705
1705
1705
1705
1705
1705
1705
1705
1705
1705
1705
1705
1705
1705
1705
1705
1705
1705
1705
1705
1705
1705
1705
1705
1705
1705
1705
1705
1705
1705
1705
1705
1705
1705
1705
1705
1705
1705
1705
1705
1705
1705
1705
1705
1705
1730
1730
1730
1730
1730
1730
1730
1730
1730
1730
1730
1730
1730
1730
1730
1730
1730
1730
1730
1730
1730
1730
1730
1730
1730
1730
1730
1730
1730
1730
1730
1730
1730
1730
1730
1730
1730
1730
1730
1730
1730
1730
1730
1730
1730
1730
1730
1730
1730
1730
1725
1725
1725
1725
1725
1725
1725
1725
1725
1725
1725
1725
1725
1725
1725
1725
1725
1725
1725
1725
1725
1725
1725
1725
1725
1725
1725
1725
1725
1725
1725
1725
1725
1725
1725
1725
1725
1725
1725
1725
1725
1725
1725
1725
1725
1725
1725
1725
1725
1725
1750
1750
1750
1750
1750
1750
1750
1750
1750
1750
1750
1750
1750
1750
1750
1750
1750
1750
1750
1750
1750
1750
1750
1750
1750
1750
1750
1750
1750
1750
1750
1750
1750
1750
1750
1750
1750
1750
1750
1750
1750
1750
1750
1750
1750
1750
1750
1750
1750
1750
1745
1745
1745
1745
1745
1745
1745
1745
1745
1745
1745
1745
1745
1745
1745
1745
1745
1745
1745
1745
1745
1745
1745
1745
1745
1745
1745
1745
1745
1745
1745
1745
1745
1745
1745
1745
1745
1745
1745
1745
1745
1745
1745
1745
1745
1745
1745
1745
1745
1745
1770
1770
1770
1770
1770
1770
1770
1770
1770
1770
1770
1770
1770
1770
1770
1770
1770
1770
1770
1770
1770
1770
1770
1770
1770
1770
1770
1770
1770
1770
1770
1770
1770
1770
1770
1770
1770
1770
1770
1770
1770
1770
1770
1770
1770
1770
1770
1770
1770
1770
1765
1765
1765
1765
1765
1765
1765
1765
1765
1765
1765
1765
1765
1765
1765
1765
1765
1765
1765
1765
1765
1765
1765
1765
1765
1765
1765
1765
1765
1765
1765
1765
1765
1765
1765
1765
1765
1765
1765
1765
1765
1765
1765
1765
1765
1765
1765
1765
1765
1765
1790
1790
1790
1790
1790
1790
1790
1790
1790
1790
1790
1790
1790
1790
1790
1790
1790
1790
1790
1790
1790
1790
1790
1790
1790
1790
1790
1790
1790
1790
1790
1790
1790
1790
1790
1790
1790
1790
1790
1790
1790
1790
1790
1790
1790
1790
1790
1790
1790
1790
1785
1785
1785
1785
1785
1785
1785
1785
1785
1785
1785
1785
1785
1785
1785
1785
1785
1785
1785
1785
1785
1785
1785
1785
1785
1785
1785
1785
1785
1785
1785
1785
1785
1785
1785
1785
1785
1785
1785
1785
1785
1785
1785
1785
1785
1785
1785
1785
1785
1785
1810
1810
1810
1810
1810
1810
1810
1810
1810
1810
1810
1810
1810
1810
1810
1810
1810
1810
1810
1810
1810
1810
1810
1810
1810
1810
1810
1810
1810
1810
1810
1810
1810
1810
1810
1810
1810
1810
1810
1810
1810
1810
1810
1810
1810
1810
1810
1810
1810
1810
1805
1805
1805
1805
1805
1805
1805
1805
1805
1805
1805
1805
1805
1805
1805
1805
1805
1805
1805
1805
1805
1805
1805
1805
1805
1805
1805
1805
1805
1805
1805
1805
1805
1805
1805
1805
1805
1805
1805
1805
1805
1805
1805
1805
1805
1805
1805
1805
1805
1805
1830
1830
1830
1830
1830
1830
1830
1830
1830
1830
1830
1830
1830
1830
1830
1830
1830
1830
1830
1830
1830
1830
1830
1830
1830
1830
1830
1830
1830
1830
1830
1830
1830
1830
1830
1830
1830
1830
1830
1830
1830
1830
1830
1830
1830
1830
1830
1830
1830
1830
1825
1825
1825
1825
1825
1825
1825
1825
1825
1825
1825
1825
1825
1825
1825
1825
1825
1825
1825
1825
1825
1825
1825
1825
1825
1825
1825
1825
1825
1825
1825
1825
1825
1825
1825
1825
1825
1825
1825
1825
1825
1825
1825
1825
1825
1825
1825
1825
1825
1825
1850
1850
1850
1850
1850
1850
1850
1850
1850
1850
1850
1850
1850
1850
1850
1850
1850
1850
1850
1850
1850
1850
1850
1850
1850
1850
1850
1850
1850
1850
1850
1850
1850
1850
1850
1850
1850
1850
1850
1850
1850
1850
1850
1850
1850
1850
1850
1850
1850
1850
1845
1845
1845
1845
1845
1845
1845
1845
1845
1845
1845
1845
1845
1845
1845
1845
1845
1845
1845
1845
1845
1845
1845
1845
1845
1845
1845
1845
1845
1845
1845
1845
1845
1845
1845
1845
1845
1845
1845
1845
1845
1845
1845
1845
1845
1845
1845
1845
1845
1845
1870
1870
1870
1870
1870
1870
1870
1870
1870
1870
1870
1870
1870
1870
1870
1870
1870
1870
1870
1870
1870
1870
1870
1870
1870
1870
1870
1870
1870
1870
1870
1870
1870
1870
1870
1870
1870
1870
1870
1870
1870
1870
1870
1870
1870
1870
1870
1870
1870
1870
1865
1865
1865
1865
1865
1865
1865
1865
1865
1865
1865
1865
1865
1865
1865
1865
1865
1865
1865
1865
1865
1865
1865
1865
1865
1865
1865
1865
1865
1865
1865
1865
1865
1865
1865
1865
1865
1865
1865
1865
1865
1865
1865
1865
1865
1865
1865
1865
1865
1865
1890
1890
1890
1890
1890
1890
1890
1890
1890
1890
1890
1890
1890
1890
1890
1890
1890
1890
1890
1890
1890
1890
1890
1890
1890
1890
1890
1890
1890
1890
1890
1890
1890
1890
1890
1890
1890
1890
1890
1890
1890
1890
1890
1890
1890
1890
1890
1890
1890
1890
1885
1885
1885
1885
1885
1885
1885
1885
1885
1885
1885
1885
1885
1885
1885
1885
1885
1885
1885
1885
1885
1885
1885
1885
1885
1885
1885
1885
1885
1885
1885
1885
1885
1885
1885
1885
1885
1885
1885
1885
1885
1885
1885
1885
1885
1885
1885
1885
1885
1885
1910
1910
1910
1910
1910
1910
1910
1910
1910
1910
1910
1910
1910
1910
1910
1910
1910
1910
1910
1910
1910
1910
1910
1910
1910
1910
1910
1910
1910
1910
1910
1910
1910
1910
1910
1910
1910
1910
1910
1910
1910
1910
1910
1910
1910
1910
1910
1910
1910
1910
1905
1905
1905
1905
1905
1905
1905
1905
1905
1905
1905
1905
1905
1905
1905
1905
1905
1905
1905
1905
1905
1905
1905
1905
1905
1905
1905
1905
1905
1905
1905
1905
1905
1905
1905
1905
1905
1905
1905
1905
1905
1905
1905
1905
1905
1905
1905
1905
1905
1905
1930
1930
1930
1930
1930
1930
1930
1930
1930
1930
1930
1930
1930
1930
1930
1930
1930
1930
1930
1930
1930
1930
1930
1930
1930
1930
1930
1930
1930
1930
1930
1930
1930
1930
1930
1930
1930
1930
1930
1930
1930
1930
1930
1930
1930
1930
1930
1930
1930
1930
1925
1925
1925
1925
1925
1925
1925
1925
1925
1925
1925
1925
1925
1925
1925
1925
1925
1925
1925
1925
1925
1925
1925
1925
1925
1925
1925
1925
1925
1925
1925
1925
1925
1925
1925
1925
1925
1925
1925
1925
1925
1925
1925
1925
1925
1925
1925
1925
1925
1925
1950
1950
1950
1950
1950
1950
1950
1950
1950
1950
1950
1950
1950
1950
1950
1950
1950
1950
1950
1950
1950
1950
1950
1950
1950
1950
1950
1950
1950
1950
1950
1950
1950
1950
1950
1950
1950
1950
1950
1950
1950
1950
1950
1950
1950
1950
1950
1950
1950
1950
1945
1945
1945
1945
1945
1945
1945
1945
1945
1945
1945
1945
1945
1945
1945
1945
1945
1945
1945
1945
1945
1945
1945
1945
1945
1945
1945
1945
1945
1945
1945
1945
1945
1945
1945
1945
1945
1945
1945
1945
1945
1945
1945
1945
1945
1945
1945
1945
1945
1945
1970
1970
1970
1970
1970
1970
1970
1970
1970
1970
1970
1970
1970
1970
1970
1970
1970
1970
1970
1970
1970
1970
1970
1970
1970
1970
1970
1970
1970
1970
1970
1970
1970
1970
1970
1970
1970
1970
1970
1970
1970
1970
1970
1970
1970
1970
1970
1970
1970
1970
1965
1965
1965
1965
1965
1965
1965
1965
1965
1965
1965
1965
1965
1965
1965
1965
1965
1965
1965
1965
1965
1965
1965
1965
1965
1965
1965
1965
1965
1965
1965
1965
1965
1965
1965
1965
1965
1965
1965
1965
1965
1965
1965
1965
1965
1965
1965
1965
1965
1965
1990
1990
1990
1990
1990
1990
1990
1990
1990
1990
1990
1990
1990
1990
1990
1990
1990
1990
1990
1990
1990
1990
1990
1990
1990
1990
1990
1990
1990
1990
1990
1990
1990
1990
1990
1990
1990
1990
1990
1990
1990
1990
1990
1990
1990
1990
1990
1990
1990
1990
1985
1985
1985
1985
1985
1985
1985
1985
1985
1985
1985
1985
1985
1985
1985
1985
1985
1985
1985
1985
1985
1985
1985
1985
1985
1985
1985
1985
1985
1985
1985
1985
1985
1985
1985
1985
1985
1985
1985
1985
1985
1985
1985
1985
1985
1985
1985
1985
1985
1985
2010
2010
2010
2010
2010
2010
2010
2010
2010
2010
2010
2010
2010
2010
2010
2010
2010
2010
2010
2010
2010
2010
2010
2010
2010
2010
2010
2010
2010
2010
2010
2010
2010
2010
2010
2010
2010
2010
2010
2010
2010
2010
2010
2010
2010
2010
2010
2010
2010
2010
2005
2005
2005
2005
2005
2005
2005
2005
2005
2005
2005
2005
2005
2005
2005
2005
2005
2005
2005
2005
2005
2005
2005
2005
2005
2005
2005
2005
2005
2005
2005
2005
2005
2005
2005
2005
2005
2005
2005
2005
2005
2005
2005
2005
2005
2005
2005
2005
2005
2005