48105
81234
52051
42103
56468
72139
16360
63434
32725
82627
62773
75922
83697
65756
89017
63631
88090
11957
64589
28871
14453
65444
14778
30224
69596
64563
61035
25018
33854
21269
72221
83772
98884
56995
98354
40313
98032
87576
79589
10959
82558
54565
66328
2684
14892
21809
45162
54989
73974
69521
65956
96260
39482
15360
58482
49509
83386
96923
46895
5437
61663
4188
12792
4976
76378
40208
17987
69405
20391
54071
88201
26672
51115
89464
90014
8773
25212
43551
38274
91028
511
67604
40527
26141
83627
44888
26835
25872
46669
19038
89944
12761
86022
65508
83838
59687
46511
54381
55466
16920
61053
71357
12503
25411
53598
53008
11723
94209
67299
9687
59973
41688
23128
63568
22386
53446
25294
10849
24671
1382
53050
88656
36137
1954
3383
20802
83920
25334
18950
48526
71434
39356
1430
28413
884
85562
18942
73601
16098
48068
84902
19919
62776
29902
16230
32602
69361
44211
35878
68141
10620
20539
79493
68645
80232
2284
59350
59369
76724
80400
28932
46887
13896
47519
61814
10188
13602
29065
42093
96639
52617
37090
92650
2970
23294
45194
28236
89094
31280
66200
75064
12403
95118
47106
85841
94385
89559
36140
84551
11438
67021
65195
33676
88427
57320
35924
45025
22653
359
50469
46095
89470
13346
9968
39953
51053
2907
94304
20239
34088
95378
68841
1926
95557
49335
13489
64227
22504
22171
20660
18254
94467
81503
19736
96035
57648
84142
43375
1371
6948
79815
51330
72521
98609
41394
30208
62497
24475
98675
5507
95507
34164
26780
34427
61909
3255
92637
15545
49374
59389
44695
39930
94255
67807
90639
58830
78956
37864
7102
37476
56744
24694
52196
50708
98047
39406
44572
41032
85148
97145
57131
49832
63547
6270
2482
75105
58793
1437
45668
19825
15271
3750
9969
83633
94382
99156
800
89663
80012
6761
13851
83143
47564
12262
93732
86542
93844
5255
86918
9787
30696
6810
11014
65026
11372
35866
40408
99246
69830
32204
72654
99883
14498
67061
83435
19789
31567
39382
38358
99296
93094
36165
1450
67757
67915
22569
84170
78661
49484
40081
38258
4397
12711
48082
80776
34791
9321
35612
54674
38073
94928
75031
42177
3259
71217
77247
80266
72322
37014
94681
18518
68325
75583
3281
4207
59368
21641
23250
85307
29837
1293
52385
99749
14739
66943
31830
46198
16040
58678
68183
91459
29075
47115
59187
44448
47543
98587
25656
18546
94341
89511
36018
75298
39969
60923
69665
38446
21550
39467
27637
16121
72121
78040
37833
20163
40639
50482
91129
19251
37788
70072
27873
5552
8753
97180
25139
76111
12497
39010
29973
83175
99080
34374
9685
8960
62504
9372
91785
46282
79538
50131
34951
48106
69470
16499
10718
8271
57511
63110
37232
19779
86421
71091
19020
33853
25672
59589
18924
97907
26685
26922
9608
3948
70209
28183
83252
59988
70768
69577
62845
54441
24776
83846
86939
95314
14703
94338
47732
64911
48605
85470
43854
99595
91528
10090
27822
62382
82954
10571
55633
8911
37585
74424
40549
62599
93315
54910
43590
86048
10187
63844
53489
62893
38052
93289
97254
42835
15457
34760
34943
96677
31255
8606
97831
54925
14472
5570
38137
72006
66509
53139
42902
97415
7007
48624
73634
30362
37826
2432
97564
79978
12462
66001
3896
68666
83739
10686
33755
35411
92712
92010
30866
83894
51624
9257
12688
21871
41290
24446
60802
57546
86340
14271
46480
55551
39067
68053
85106
1801
39986
10431
88332
74389
68492
53910
60040
1238
57215
22442
57199
4469
50072
45100
16387
44677
87908
87589
24924
58325
58210
89539
21405
82206
36291
67028
97554
1372
51707
9035
52233
75514
70855
60448
85386
89190
32826
87252
79571
27683
19750
8786
25429
8125
22916
86864
40645
53272
38400
16085
85919
41601
66084
1493
77918
17958
50526
6839
54737
37633
13457
311
48634
61903
7253
39208
2760
47487
25356
76337
16463
231
51971
55672
41377
71248
98304
4893
57547
7313
54478
14397
71150
5369
77443
2487
33273
37606
45738
34474
13472
14258
7409
40189
46427
76205
65713
11385
76541
50758
33717
10769
91630
59107
62090
80770
82920
42257
65698
76021
40011
94645
71044
73729
99485
88512
3411
41805
39425
78337
41849
42259
915
74676
11377
20192
5374
3864
28686
94584
72410
56991
11051
60887
24069
43198
80015
62514
40061
66340
36540
83516
33879
63784
85653
70693
38975
76123
70410
63068
51084
87772
70337
74260
50943
46090
36067
56773
66968
36692
48224
49418
30485
67148
25407
8264
98920
74235
89862
85134
21396
73518
78307
84311
24164
92045
49557
14348
71784
87020
63194
46151
18093
27035
10101
38771
80983
42552
97691
74799
21053
32324
89083
51665
94914
14611
18984
61543
30635
97853
46468
88632
64130
85010
70250
78794
8262
55434
72856
66364
11021
31385
46743
19827
94775
23618
27305
31251
1808
10083
32238
88419
28321
75278
4019
46835
78867
30231
55480
88761
61186
96297
15835
96374
66202
67156
53478
16184
63249
49025
28978
61656
11297
85990
61655
59908
6176
10196
10065
73079
27261
22957
76880
95332
76984
79540
95676
21394
97951
94013
42691
33121
53377
45411
30401
69643
54673
19992
86379
2469
52857
58167
36792
2148
82136
39541
87692
80125
62074
662
39810
93477
15058
36508
60341
19383
17334
41818
61611
3572
6295
60519
41343
77956
37436
39503
21065
3322
90682
95139
47212
9334
65010
47471
9340
98181
9575
37388
91530
86499
62490
35756
75726
31008
27652
89203
76752
19391
12239
5510
91315
17307
31889
89147
52926
97029
69063
62384
96743
32201
30794
54007
5566
87535
70800
80495
12916
37757
15201
29038
95495
9977
18260
29434
39403
58123
5926
46775
82934
60769
63639
55194
97319
47533
18369
15421
57300
52137
38869
9931
80560
29339
23028
15067
59221
12083
61190
79225
10995
50609
7035
49631
81429
20803
44860
19428
49036
27180
79309
11979
33882
2433
73217
40092
189
58605
13210
41615
29303
43348
95164
40580
48278
47764
91980
61552
7172
17415
59882
94130
18509
81861
49608
6116
79080
19271
22246
4077
53829
72198
39660
60051
88850
48386
30019
95342
60169
75006
96976
70295
41593
41129
18126
28287
5135
5176
76871
72828
2528
62478
61070
97662
71798
47933
95068
9952
26102
40902
62534
14170
30538
97501
49687
54259
2799
14600
97647
92244
15549
80614
75320
6232
93678
36524
40032
27071
46669
42794
24088
61474
59805
5933
27016
55617
45379
32861
80652
49111
27025
5319
90864
87407
34927
74933
17027
23632
61416
91384
93819
788
67694
12936
61093
1238
43531
89570
82278
21674
92550
63696
99955
23334
25742
72903
61450
5598
82502
99562
89068
43086
69389
65067
35991
63408
48073
26066
37443
18893
97711
92118
22329
66672
38193
28744
4747
69270
83620
12111
91284
4258
88045
10701
25293
89517
86280
35617
8201
29690
5237
27046
42542
84360
2368
45305
50417
46752
6506
96631
65324
79630
17593
26405
95486
67917
39961
30089
29311
7963
86829
18038
72958
71820
78486
89157
11962
75002
6239
1950
43897
83289
7523
44342
39656
28297
25371
67091
7536
6917
16520
14058
75313
50744
10809
45129
92606
65839
4122
43473
64596
41385
11257
22395
7800
2475
16790
63868
72141
96497
52326
81379
26702
36383
93156
6719
80558
38677
22805
30717
42793
29889
48534
91950
65703
69870
67076
9928
59917
39386
53544
26691
87871
38405
42205
40612
35638
97733
78559
51862
29594
86902
16146
29907
75612
85455
62156
86851
31187
65297
88672
95228
24689
57624
99272
97543
34721
60692
30414
83619
60991
79249
15799
47075
41747
83089
94925
73074
49932
89180
75655
3767
20021
95374
57015
86867
20247
81615
76655
40999
43179
91680
82865
70803
51546
77296
19538
47865
18707
77102
75019
79648
5064
47097
50076
3765
64197
53428
18076
69707
45357
62101
13825
99267
44339
51292
6408
39751
81203
25569
42466
39184
65611
82150
11900
25575
94489
267
24265
23593
34002
85953
99214
65187
89403
12822
95273
19485
93896
21263
43487
14483
78735
41620
61377
31166
76456
97476
79642
31858
90083
29770
35576
54016
43238
903
90388
99644
33474
88975
51807
91481
64369
4432
30251
88655
54158
24204
66644
43647
85808
9608
87561
24525
14052
14012
29211
34348
23975
1771
47297
99864
36317
81997
60676
48125
55633
61256
25070
90133
6825
42718
89162
11790
3076
21311
25176
30089
4083
69054
6320
26847
71282
85633
78864
67262
46242
92307
65667
74417
61636
56116
62928
17726
39187
76112
40156
52937
77406
97836
14173
5078
2882
78524
13725
72524
22272
92946
775
24981
53440
38962
16977
88449
77441
14817
90181
10410
59995
35291
26254
95698
32147
4931
54300
21448
30299
75061
33235
95114
48516
19895
54870
73892
97856
72815
17324
88535
49848
4910
79725
25429
25191
83626
98443
55561
40146
97929
29471
55411
85572
43513
23598
76081
5289
59100
99832
74777
10311
10241
34622
14339
61877
36622
29581
61251
21337
98137
95851
31219
69825
59318
92861
71248
24317
50443
65554
11451
45431
87423
688
20064
73297
8688
56057
12307
69818
73860
86809
48470
50700
80408
39791
81591
61061
96276
51318
82838
15167
18815
88463
72133
15758
42255
52364
63784
28950
65624
89083
49947
11687
84774
92685
57427
59382
21862
80066
61148
99993
44990
91283
73186
33310
32221
55196
5004
75432
15565
22468
48418
56456
50853
33322
20719
73204
20667
13774
66049
57510
33271
66969
88333
67604
2754
3401
87440
41639
22397
95741
9137
38554
19854
34074
73250
22353
96949
22264
38085
96179
55550
50732
82858
88422
46159
71026
81622
85894
99232
23382
21920
35425
8682
65791
69878
7346
25016
39289
64828
75448
34650
94462
65492
88914
24857
27649
39449
55961
21381
6454
75525
22490
2249
13089
78259
31726
24672
82809
84095
9336
73985
23641
3529
90683
24214
96323
92152
35829
77771
4753
96187
45020
63713
81338
1834
5556
42338
19229
19180
17354
87598
67404
67730
34159
32148
25976
42272
38228
45277
25493
16524
33535
33347
25707
75839
79784
5727
24728
88504
13234
86207
15877
40528
42345
48022
99907
80504
93652
71181
2753
41854
47575
79799
72110
73871
32457
11331
81733
55510
8876
95690
19450
51298
36782
81064
90943
5766
26171
39688
83251
73690
53149
41112
16744
9951
84945
32668
26063
62368
8775
69566
28962
63540
50422
70787
29454
13536
9305
79512
56667
63512
19434
51947
80474
21958
23034
14102
77674
90371
23658
50999
198
73475
3593
15643
7470
86478
94154
87000
17041
21480
45696
14138
86228
97809
89881
8341
96706
62568
15541
87833
69039
75915
44930
71332
22922
41626
59542
20561
17023
62298
34087
45934
14951
65557
34506
94187
74829
6302
57478
24686
78685
88274
14708
41316
43018
96634
98006
52082
23708
60077
92081
36009
74069
83827
90056
25976
59583
75620
47126
28763
84820
96046
19176
98514
10377
26486
53396
67724
32695
27509
55258
69954
4135
32324
54198
23264
97594
35731
22463
75614
40114
8690
52992
12301
94401
98867
52880
716
99852
2502
90703
98394
51643
77028
95519
36582
62975
69768
47580
90339
65089
46967
89658
55223
16323
59168
14395
75058
20149
895
70057
24828
23703
7995
58518
135
87590
97839
29101
15268
83013
80262
86100
26321
81768
36863
78497
71312
45024
57264
3638
69523
13630
35271
39578
85043
45414
77516
95606
45567
53138
76898
73576
19474
1055
75564
78375
56733
96216
19884
80437
27012
26174
19175
56186
10821
8368
51460
47458
10066
28093
36371
69813
84928
67587
53578
87086
66008
11938
31467
55739
6826
87683
70081
69072
94530
11071
86697
12296
5555
4205
51022
29082
58095
3531
57900
5172
32376
92199
72630
30614
94449
3979
14003
97517
6318
47396
39427
71658
82859
93933
4992
6911
61720
30877
20928
31061
88625
29769
3638
27885
66155
92119
15896
14417
72330
45952
29915
69398
9232
54657
71546
65937
5361
74303
43798
38355
74562
23476
21623
46754
91503
1658
87665
81333
31915
51059
62914
20043
3074
81843
52439
79625
52587
15018
85838
92142
72633
98930
471
71829
34929
12561
17619
96231
29717
41163
48223
40378
63583
48648
58826
80553
60106
50781
98177
68049
31401
26554
54987
518
22427
58767
27664
92368
89078
11996
12374
50373
15552
22867
10243
40324
90589
70956
16390
38315
39459
82821
19313
16214
72649
54772
36127
44565
25214
26795
3699
37192
36629
59814
29505
73210
43998
40019
24613
7735
94256
21919
44337
27914
50115
66201
89509
76792
41082
48453
68375
71923
34109
30432
5266
92188
36101
48523
70874
28152
12304
82486
78797
18734
9556
60426
79205
97914
32432
57330
66683
13233
33598
65447
3141
87857
86341
46263
79008
75652
4043
13426
86921
53650
48456
95216
93892
14847
23157
22338
60128
8232
24195
10292
25586
50517
49993
58939
25054
57596
65013
60161
11188
66994
24067
82314
7062
75118
88075
72161
37688
60476
53717
36388
51488
30491
69064
16810
80045
2004
28128
11661
68180
93943
57405
43927
51686
15379
17208
40493
41357
84178
73073
89618
15733
58063
6979
83930
90151
27413
15609
73516
91729
66165
81306
49458
89121
82211
52384
90976
29904
71310
99751
87487
43131
61082
53664
89621
27661
63900
31781
27507
94457
74641
4967
39131
68578
23931
71171
28555
68285
8538
39795
73098
84910
26722
20960
58478
7696
77758
33461
5928
47473
44162
89872
58733
86105
45157
97617
52033
82123
75299
30357
45698
38691
50573
83260
74510
26720
40107
46278
46386
97947
5776
89596
96145
88501
57624
19691
78573
71824
93217
54475
88821
19700
94434
79613
11786
35057
38668
82388
53295
29156
38556
98763
57390
25938
44506
38196
2401
36209
85170
46320
19907
34982
2445
22074
58164
96137
92842
3741
55074
99717
96638
49286
93563
80156
41733
6645
76236
17576
81603
35789
50516
31515
22620
59915
96394
90664
9580
64307
52839
92890
39493
83397
12274
69730
83747
58511
56711
78222
81869
54300
75170
51765
57930
96874
67982
20527
67452
68057
44133
1921
23454
50879
79106
47094
46710
89145
50059
12073
25175
38844
61140
70912
46871
78858
3794
76594
12103
59328
25310
1192
61524
99787
63041
21825
11160
67258
44066
67824
46430
93519
48137
82465
45745
9872
59983
94809
8895
666
79364
2714
40335
46997
90941
4229
93468
82946
23608
7290
74157
48784
22157
11963
69523
31950
18547
7664
58270
18075
58507
27651
85052
77690
11437
97963
35951
26850
81646
52806
49354
63345
51595
61598
49640
16096
45876
72367
29545
4497
93240
82175
11721
80357
66504
67115
30943
54890
88459
96675
23311
47153
78078
93196
71180
79134
89253
580
42062
85721
66259
59746
68139
34786
43762
13530
86742
44033
20527
6464
94033
67355
61573
59845
6159
97185
77124
76317
71979
41538
12061
48993
49982
34112
89902
85679
48769
31328
63877
90447
94880
64283
41426
99345
30455
26610
76845
51314
19532
34782
21761
44862
83784
93189
2644
2927
85075
87913
54676
94259
22955
75898
35775
79531
641
19724
45614
11472
8080
5699
51424
19217
58139
84330
95967
53399
10081
55332
51601
47817
44735
26234
33118
81931
54595
94674
57688
87553
25833
86656
20875
6706
99572
80727
85795
19176
45770
21464
88661
85267
78572
32043
58347
89965
82833
33419
75983
38072
83838
55260
35314
65252
35076
10680
62170
95373
3382
46022
1638
98336
54341
48236
83327
99646
69625
18395
5982
11386
5871
57897
68180
732
39274
72861
84249
95272
22071
79970
13972
59608
35265
78878
80932
74566
85869
82205
65513
34054
31187
60102
8594
59472
69594
89551
4324
73499
1743
93548
41187
86053
2050
89123
17792
83567
99133
6011
43647
17061
15553
39891
47300
86012
21918
42895
29850
51923
79599
56588
7679
37148
70993
81269
56208
6068
47134
51502
48140
71246
15945
92462
295
15950
75384
17002
22862
97712
45785
44939
97553
80969
1859
22082
22546
72742
53770
10834
50857
18001
19102
87307
32273
26386
47297
64663
45395
7953
39331
96237
66892
20793
14332
78915
97406
72440
45797
19681
18064
42756
95123
48977
87651
23416
49425
27346
87314
35195
69817
86699
8004
72609
74958
68508
46898
15147
13081
5809
9903
97226
32574
92240
61113
23969
80891
22993
92859
94600
41597
11309
58972
59213
9278
3919
14888
13205
19103
57000
84280
42496
56605
48959
1120
72138
56211
37860
3958
57965
40556
23973
73914
19364
35876
81914
48070
92459
96026
37339
24979
55714
52180
17810
3813
41360
86479
94571
53365
67588
74336
56648
16345
94551
66860
91824
35249
35021
7873
29895
49969
98619
87407
10297
66790
51586
62855
22544
88455
14009
69262
48230
27194
63305
18685
63380
5727
72401
97305
31208
43229
24746
90218
57077
14023
83941
78138
57797
42603
55441
82699
78281
32375
60536
80341
31569
2216
79369
41372
77046
51632
14640
19370
21269
68579
71009
78638
7639
80606
54613
27408
715
49685
10731
46639
83029
43128
57423
69818
13983
88161
65176
92583
72365
25820
99306
45203
98767
79891
72924
18423
25264
92085
20309
7267
89196
63427
74928
99481
89726
99895
56158
54057
2454
35601
9994
83845
20714
9023
80503
74720
14020
9544
83558
30440
93465
17813
50324
87100
40313
71740
89120
76332
43298
13483
29034
81740
54447
71534
70871
18932
57646
64636
91249
39831
61647
34820
50508
42078
26169
23184
52579
77985
74839
20403
50176
6305
56367
46548
5850
13316
91026
43255
89721
58670
72559
25700
66133
96185
55459
49271
79740
35857
73739
82467
31443
96623
78426
53539
8820
111
23173
15391
5013
61648
4444
86455
63913
39463
45043
96239
99776
10016
67551
93943
85066
93011
18492
91350
49912
87231
9610
58675
35683
11750
36217
60447
82982
52324
1561
6978
93222
45036
91060
37152
18963
61889
28183
63144
51910
61006
6411
62841
92874
94436
45026
36689
94071
23406
59149
16212
58713
73425
89099
27317
5903
6373
44123
19076
13520
31210
88818
51412
32392
6345
9384
67368
60735
19145
47789
36761
95803
41611
21945
11878
96572
20866
69281
6905
13317
88754
99782
41746
90171
50404
53319
787
75141
3875
94710
54854
93939
77270
93864
33262
27675
43290
10726
54505
49471
79259
33505
98271
73419
46096
66275
53835
31802
76592
84736
96130
18808
59956
86346
68932
87233
73419
97828
11358
29096
74964
56942
5786
24149
71099
52384
836
72486
23571
21170
79257
46134
51020
50871
51406
4922
78610
32938
13530
8136
49858
52545
35554
25875
8489
32318
16895
9233
1754
96293
71981
66045
15084
81191
50962
37496
57038
82172
49481
55467
10024
59856
21003
56583
47439
98580
86170
81709
91076
76053
49769
23530
24267
29738
81962
67290
50115
53479
92725
69710
30502
55246
21042
11176
82174
46693
45796
9282
80226
98786
31282
49006
69452
95395
42867
88664
1657
53947
4854
1640
11196
2791
36267
82468
88607
91422
57392
11282
67191
66950
83516
31867
84226
31012
8802
8171
77728
14379
56739
9301
50251
90454
96275
75860
73109
22992
98822
41612
82941
25680
46166
34190
35597
1891
41908
18362
78770
13985
89320
65055
93529
65506
43239
25502
16227
24841
17
44333
62021
84766
66243
58487
16606
97850
79967
32192
21205
85851
59382
98535
38255
14264
45520
42884
95370
2862
72280
36240
49562
32184
88198
50916
92317
88829
79818
36026
67804
7524
22002
22128
94400
8386
26264
62283
85199
67604
77099
5079
38946
99048
43001
51212
48388
97877
26134
23181
99337
5804
28779
23211
60360
26406
43773
33318
45655
860
91769
98611
33121
54902
90522
31576
25991
72347
67542
31764
48560
25127
57931
95485
16718
84987
80513
11617
93295
74989
59004
95758
33340
90976
10753
48397
61746
175
22274
56872
39034
51523
39624
64429
2311
12869
83004
32586
50156
52012
71890
99736
71575
90359
54418
35701
52622
27671
36228
55753
84837
16132
73816
13354
8344
33584
35215
63355
73963
53240
2505
13263
73788
77238
61260
21067
59233
58804
77005
40010
87140
73403
32959
71738
9144
96489
23509
12259
24694
3969
14901
86920
72249
39644
83996
59494
42546
32894
50536
41017
21064
95844
76325
70078
7183
14745
93079
54227
41124
37767
28449
20539
79299
26250
65552
73918
63014
33344
63976
50604
63578
2877
5224
14946
49599
27419
31900
60773
10524
75503
415
98764
20412
42231
24523
65018
4137
43023
84159
94408
34659
802
37131
88546
85917
350
3419
19464
35957
77408
8478
86996
22190
3535
76498
22139
35980
17444
66381
54540
79243
33063
81834
45558
78811
94389
4239
74599
65628
2045
16247
39470
3091
14218
52001
66594
70374
9050
92755
37307
92410
46510
3756
55006
62182
73946
46405
28855
74035
19996
85763
6623
90963
12393
20573
93084
78586
88675
13668
84711
70622
37735
82131
78537
31559
87330
59924
43007
39730
19684
27021
86685
104
92077
66053
73711
55638
97635
34679
76602
52168
39558
51570
17153
67591
50746
89770
92835
50157
16324
1023
1089
27393
13072
88103
57181
87123
7663
1659
12351
91125
34654
10171
66673
27219
99713
73727
83178
85329
878
36923
79944
43200
26054
31181
90902
61949
85471
13350
88141
56582
90492
48883
94327
69178
88798
14792
64078
80620
25427
53064
12963
94242
65005
93907
13467
38768
7214
4268
83540
92909
44351
35269
79589
68591
11680
29481
15843
97768
85177
28838
55680
26236
52591
73878
35757
30301
41331
16552
6113
92293
12756
47984
94578
66127
5589
26983
39807
62963
18329
88384
37712
62140
97114
14729
60501
11816
77048
98490
69740
5659
67887
18685
82046
82976
59746
48921
67880
81086
64756
50301
54008
84786
39509
4742
54061
29231
33529
43949
47681
58702
66660
26736
77699
11699
24066
94363
93212
22719
88467
52339
53204
80524
35395
17343
95213
91752
93304
22547
14700
74064
60965
37242
29240
92488
21947
72287
64763
12757
93822
86072
66821
53048
55190
41968
5360
61383
92220
67920
20031
7497
62644
62121
52671
20461
41787
54144
29167
99815
84949
29974
61212
36393
97513
41459
10533
52954
6217
49135
41278
37238
6345
8860
62703
77922
33360
7860
540
5994
37612
42938
64448
73177
86176
70543
91474
36179
61817
53684
96266
62546
43742
68567
72797
6268
35397
14108
30691
45501
26595
74793
65114
93350
61883
70830
76003
27746
31544
13775
21771
28049
34678
38383
36388
57731
78810
88347
14609
40018
11681
24848
25473
12060
51702
95849
14578
62716
26429
52585
43959
71876
11117
53730
62132
36665
88635
45344
60486
85483
65777
40822
14335
52752
60861
46146
11599
34812
97030
8638
28895
91006
51417
3558
22775
45018
62209
42850
98112
68575
45941
45423
16419
44100
96556
90190
89935
58404
5835
28168
86938
82194
18111
40604
10911
90843
29094
69319
21350
16695
28584
21231
56705
86827
23331
37004
66674
55103
97764
947
7914
39543
46033
77441
86924
81680
92675
73792
13520
41304
69873
2681
63780
59594
34407
89206
23213
92901
50101
57042
50859
84681
27332
77600
65210
58989
72068
72533
9493
48223
17857
24051
89909
42777
9556
8050
69303
66940
88534
53965
19803
7852
50927
66215
70888
2600
85164
80248
26221
71396
78926
34360
15331
99461
10111
88550
90959
33144
18944
49653
93635
53327
55390
2388
87012
5209
75588
75224
55910
73245
73481
50697
5939
17139
89513
14054
95627
20159
90962
58581
33412
87019
22101
75819
42835
22591
4604
58036
56323
10848
97787
2368
10146
34178
19423
35275
85692
18699
98339
54375
47998
4166
16545
90599
24764
25153
18149
70090
98447
65251
9053
93058
80918
84525
83757
75969
36669
68876
28416
45919
97627
63640
97880
95435
23157
78509
84710
95627
60608
53027
46741
79377
85540
38252
13345
91868
51196
8169
73605
22312
29753
3177
41170
73587
19046
25568
52251
63597
9991
51615
88333
54299
19738
83158
52061
20008
81920
39075
82169
73321
11989
51253
82752
98379
54810
1090
54925
74556
56692
98625
47246
6834
76334
35364
45876
79964
30969
56566
91139
94627
67219
44301
7017
73596
64229
27212
46380
25101
69799
17496
6939
75705
19326
31029
16806
9994
13670
92028
15050
7162
39274
69627
73124
45822
77296
38761
57671
42288
40530
6276
59977
8887
74055
31401
4471
19509
47392
21903
9513
57485
89902
16353
47505
28974
20512
2870
9292
36161
58122
40079
95899
74763
10658
62764
54155
33951
18628
91563
12528
89507
47222
16510
50161
27165
25221
46664
90588
29723
68430
8756
40090
37404
85785
21489
44989
98333
7295
94382
63638
38915
8460
30830
19268
67106
4351
84680
93351
29705
62671
34654
27346
56843
84872
37144
1534
66858
82579
98621
47067
67841
52915
98829
64705
42734
84332
97853
42693
27258
62526
7791
50952
8423
69391
44302
14537
41077
42758
10467
28539
11568
9043
17495
71377
63098
56557
88870
5109
45072
94611
65372
280
5308
11700
88207
82915
12599
39115
99192
65805
81080
31969
32495
57093
94910
27990
31106
68495
64758
41594
39473
41324
20809
70358
12426
38737
99684
93224
55644
13594
67621
4523
45754
19991
25024
75349
64110
24676
26731
63226
95062
91351
54956
1421
74560
79539
46461
23751
34142
84505
41529
89664
43462
16702
87398
64922
82601
311
2111
72190
93934
9104
23708
5118
28842
9021
2944
56601
21438
49480
86047
62589
91564
62793
24522
44870
94071
30324
21529
89157
81303
92843
95635
31356
81654
95156
9821
42469
81866
87558
53309
92050
6255
11389
30025
98640
85248
82285
47857
37413
20882
19571
68966
91448
20334
47686
8101
94319
6600
5132
58244
15187
5472
15658
88728
77329
10005
26356
32481
39450
77441
37474
53074
76649
82453
24995
17025
87044
78641
56907
82663
4156
57472
16744
90836
24687
4910
72690
71602
60525
90631
23873
71284
69111
4718
34041
46940
32387
37238
95200
46182
52892
69953
5936
64628
97095
52434
94247
95414
34528
50001
29819
67477
38210
19738
2412
20861
21510
79010
99762
95909
46467
97480
22933
50812
2612
95188
62556
69874
84247
29839
69597
84320
11121
68990
58546
16597
93903
43132
80813
50366
93191
83730
1026
98832
89309
77558
15587
20373
69473
80286
16169
3313
9846
30687
17038
90864
14094
2310
5751
52015
62320
27314
36942
42147
63036
35181
77039
45641
837
77733
24
32299
957
84875
66115
67052
36974
75078
3440
2128
70820
81525
61915
46443
18313
44256
63725
72645
52264
83065
22127
14982
55507
90069
42201
26340
78720
59553
79656
59910
97806
30082
61550
87955
93574
54541
5379
6076
124
54208
69657
31075
94708
64635
91117
72583
19137
28606
13785
6189
2824
31841
73863
21388
83652
75786
53056
43989
86851
40238
55203
63261
69230
23239
52465
95593
86981
89006
93124
83221
54889
50486
4416
27905
67955
44645
68898
17784
38081
31727
80661
96126
3857
84656
14819
34133
77062
95590
6536
70956
74376
18473
78371
31141
7816
28488
57382
83873
8352
48097
67116
85163
64121
15741
54186
30430
68166
23910
69534
9075
56238
17093
97700
82155
77031
76156
11464
39061
60638
18845
33653
43292
72051
24517
22380
81808
21920
30521
24752
40400
64794
96315
5630
58321
33361
553
187
8686
4434
45394
26469
63756
67019
73142
57899
85383
20206
76729
24088
78463
80655
55843
81867
29913
84008
66519
85602
80979
6556
72942
80917
5832
42487
76751
62751
76284
76596
12558
29494
3269
14873
90622
83580
94902
47581
95988
94318
33161
97610
47802
19065
17127
50621
54540
99213
75511
56011
65778
66442
27362
1629
4539
77751
88479
61723
12466
58449
100000
61319
65376
98464
2935
39168
96829
65606
1382
53800
52628
90160
18690
44255
30099
72207
51939
74382
60716
50848
92011
53151
47531
83015
37008
44649
22227
71707
48104
44138
53239
83514
95824
28782
7154
72445
92601
22412
98660
31591
76655
2639
86570
16951
24679
16977
48185
21404
19429
20995
75830
44424
38503
74346
47317
95805
90322
30788
47468
32677
67511
19497
2610
19006
77153
24364
19610
6865
58845
75711
76486
16675
36678
41590
38538
98597
65421
8772
80671
30502
46882
93219
92768
57065
82433
80047
5572
36753
98011
81873
52184
22616
44288
13850
23000
90687
93222
92453
49514
35424
16761
4575
74552
87711
33887
5506
89480
70847
25607
77053
64953
96785
5165
49647
12924
20230
81964
54866
94157
10502
95105
22741
47084
16570
52087
57122
2876
7171
35829
41182
8792
39917
25120
92174
94925
21822
90286
46039
36888
35817
33928
67902
83964
38879
15803
34926
94016
38885
82300
48823
98403
69376
68373
1108
55965
11693
89361
72069
36595
92781
78751
26395
74358
54205
8422
83090
46809
66084
32966
79288
62605
24486
33414
23436
54748
13814
79904
98210
75454
3144
18725
20803
80154
91332
46414
96560
68765
11382
95744
37383
33584
9794
69691
3583
56569
49812
67263
42062
49649
18262
46844
73354
79229
76284
55733
97739
78923
76121
95919
36047
3627
50580
15356
46168
98215
68116
75966
91312
78721
66584
10618
10156
56552
24452
36667
33647
18357
28630
75456
91205
79016
6903
51843
37744
88123
20973
70215
59679
33343
4460
30077
56218
67451
2764
39667
91995
24254
10870
40762
79126
34749
23033
95538
57081
36205
60473
63284
38382
77439
56999
3835
93309
82643
8843
40688
70926
16026
14109
58865
86061
35212
17460
8350
16934
82882
38006
89216
3632
16114
49582
82965
36006
25093
23771
31548
81488
53366
98213
62105
9792
26505
92426
28934
29945
4645
15127
61271
40554
43151
42098
31496
23415
16581
8020
81221
70648
89588
71028
64950
62651
72119
49982
36324
29061
76204
55971
33196
20758
93812
77674
18784
5611
40263
4516
31860
38236
28946
36221
61516
54533
64590
27983
12127
9314
89662
32240
57159
32276
11045
1547
93064
72480
91841
42540
94619
38071
19368
83861
51895
61584
5117
61646
48762
60273
27503
17465
53113
64460
67375
53763
7746
19494
6732
10615
40362
45971
52332
2348
92536
33789
28681
86143
35341
78948
83269
83355
40878
96991
19724
91348
81519
38176
9861
55508
8382
2230
57428
83245
86665
39820
97775
46189
51085
51727
76987
53487
71069
13228
37282
83309
68491
90648
52147
29971
46134
5929
43735
27152
44592
66401
89387
61702
67818
48332
2591
70816
18558
37663
47369
58115
93497
73056
81383
42653
18307
10116
88656
63418
56332
53971
68661
24246
38709
52712
69049
36365
54328
56724
5481
35949
88885
7651
97562
52461
20059
90806
5055
9079
10159
69455
90180
93472
25467
16172
11978
36377
32470
1674
13438
6206
96780
47978
58584
64620
33322
81457
92685
88847
53576
95946
85810
10520
63795
6182
99342
36334
12022
80292
88826
40252
32900
2699
93943
97320
99461
65235
29836
75332
25307
36100
80155
28349
69519
72663
47615
73329
80893
29912
5605
78462
21273
68205
3747
12245
5852
45616
75961
41101
66991
71128
19715
88851
33106
36406
94072
10079
14570
46875
32866
77763
46693
58615
17466
79516
29227
23324
68767
44331
4771
1729
66579
28925
96767
77187
66706
89510
38373
63717
10096
71853
32090
9560
6062
9121
64173
3381
12313
16425
21438
25383
17951
43288
47625
13575
6318
55551
51251
16511
84395
76125
88464
58255
64332
81554
66286
85166
58259
27217
58049
44648
74503
12115
69324
90950
52464
69705
64009
69260
18959
71465
18293
64699
39608
5193
43931
33527
47469
76810
64219
20194
86872
25996
80791
57575
34692
49087
63706
40211
28601
19065
38597
74878
21106
94724
5143
14728
62652
80207
67065
92286
27502
15780
46307
88987
78720
94650
39022
62827
34953
19745
24663
85291
82841
97178
2765
74252
40847
41865
23319
23831
18840
10115
27877
33482
1669
641
43889
27937
4423
39831
16049
58607
43434
51966
29885
52811
46827
13421
25495
88456
95575
16519
99388
36701
10434
49837
61541
67395
673
13844
83034
77245
22564
49553
51380
84465
19732
74705
74349
48276
52644
97094
6343
82085
25367
10043
18165
75311
494
264
78474
54450
70828
26113
71612
63803
23720
44969
84340
80368
44462
84740
57814
78920
62995
93609
70823
32407
32370
22134
91135
26695
27016
97023
33869
92193
18536
8958
34977
47499
91228
24046
11450
52716
42810
22515
71213
90603
59166
14000
90254
86934
66889
25404
10718
2622
25654
53263
67346
63775
34165
72918
72699
89469
13574
57670
4599
71977
18867
90605
31892
74628
41834
54211
76700
44635
6358
70752
63330
8848
52985
43080
16615
5529
96808
6753
30664
77665
22979
59397
14408
22637
70863
74131
45238
36185
57042
81279
67643
449
25771
48042
49730
24380
41963
5132
8068
77282
85172
70958
26479
25390
40492
99412
34194
72542
41149
13815
38600
42263
63501
70865
38814
15430
6326
1073
66754
865
40705
31247
9963
10444
5379
44474
97631
39064
51860
96172
41029
30438
24967
39327
74568
23465
40939
74168
80484
20200
15838
84962
34992
4739
52969
52822
58856
21197
33628
29046
13365
68984
39014
76441
87259
3759
78992
10080
60704
42940
61783
79975
64436
74570
16165
57112
99233
36324
36939
65561
85584
46172
99869
52741
24789
26761
69226
28792
74105
30887
53910
60420
5890
90338
52054
32129
87553
28909
23847
60418
90647
9772
41387
22946
58341
59603
75361
74748
39727
69381
28672
62138
14283
20478
74511
26246
18284
65388
48900
70300
50566
6584
37752
75872
51261
15107
2052
53804
96335
50763
93434
29154
4826
76461
75585
72192
18219
31012
92814
82129
58660
34703
95260
84479
33449
84113
22153
24135
9448
89970
98796
11173
55586
4387
17814
24558
42458
9407
58916
11261
94425
15500
37566
4133
57628
545
61456
68997
48923
11298
67650
1305
76118
50374
79989
41581
13854
84986
75677
18380
77341
35838
71926
64823
57315
84525
94820
89394
75150
75802
42283
48280
55509
74741
25639
61422
32849
96493
73385
89013
75848
23248
10959
45337
60568
33966
4703
29287
6365
23804
92896
24891
36063
54868
64468
68087
90267
83225
15062
56687
37323
55192
74604
87969
29205
88650
16809
84451
59309
34102
52770
74261
60424
64115
38506
66869
12734
48299
35085
96241
85275
51740
50693
39446
38594
66360
11964
91560
16254
57356
88287
30059
81031
33661
39676
25597
89229
20910
2552
17606
14788
95550
37038
59144
32813
54287
45799
72849
53436
37537
62547
48111
51531
61693
62338
24291
94586
39374
41026
12974
4257
88937
62645
46824
38197
45165
26798
83439
16146
29029
77895
86684
34955
81995
62274
57458
96235
18631
89115
76144
40871
99220
53350
37574
84866
49571
96266
83428
11228
8090
2041
6125
52824
13364
25547
20426
14761
13772
14966
18523
98040
46516
3276
969
96149
27871
68689
39639
62967
95167
50776
68023
39025
15816
61497
10809
21236
50932
7344
94237
31707
51328
24693
7306
35191
42099
55924
72759
12535
93630
40809
26982
45651
62271
93178
11473
68565
44608
18064
25724
82085
7228
75794
91050
17424
3970
94400
19628
48340
82226
45706
25908
60267
90628
5419
1063
1393
5288
59013
88753
98579
12007
90202
17651
43670
6313
46340
79735
26945
75824
75666
46532
29705
46594
9119
65549
2007
21380
44208
42947
59159
6465
32778
94059
70400
17898
48494
30635
17563
92631
65107
79101
65810
44651
75518
14982
83798
49078
53695
2784
29772
81941
56971
73395
56374
56596
22482
3907
6394
78803
84477
90243
72625
19846
80294
26087
83278
7030
24595
62295
49640
30533
78128
50783
10310
96111
1960
33091
33959
59883
29632
17840
27051
16145
89808
85294
737
55126
39966
40082
46989
73203
50745
96111
45013
30084
41904
73388
45673
89676
15693
74385
33325
37365
6417
96411
48933
24949
17644
42639
71036
9772
88281
77643
81872
842
88468
82520
25757
92206
20473
16124
24004
26024
88346
98700
1304
90304
76957
68894
76230
16880
77424
98364
19262
18796
6858
47988
35362
77698
38303
78029
33418
49884
75839
40117
89745
58979
61483
57877
68383
32989
57141
34854
35380
79095
98580
7356
22670
39101
77697
66080
80407
30150
55089
4668
22703
6638
14991
62064
69297
33115
73972
53793
89892
54336
742
77713
62656
29503
47722
63466
64603
57097
31784
84019
5680
24578
35770
56037
33802
12512
94160
39639
33778
5810
31587
4118
66643
86814
2931
36593
53158
20578
26528
54000
24575
51195
81506
19332
39827
6884
20741
18649
71588
99734
51684
44841
31531
29038
53632
11338
35681
65933
69662
34919
48458
41497
81819
96013
43903
56384
55980
12028
23670
17980
23798
30845
89135
85266
47142
42738
68861
11925
35919
13608
79696
74536
96126
72042
92987
91552
67931
49936
1703
96871
77758
75252
58835
14045
40780
64485
56326
84153
46221
33044
81907
70926
77354
76268
23880
89096
69704
17791
60755
70294
29500
86779
7088
92929
41514
89083
97779
10394
3038
74297
66415
79539
49670
23714
57730
97763
78122
54242
23869
33037
39273
63679
49171
60602
5809
53697
26013
16610
82107
2062
46119
40586
29600
16116
65979
26856
45276
42304
7848
67426
87486
30507
17870
18516
5064
15348
86441
70448
2762
61865
3512
73439
81685
46751
88617
91078
83679
68225
37698
32132
80914
48900
10926
82807
33584
47769
78787
2591
12136
33788
15116
24826
33422
31658
60568
10478
73306
94767
71454
96134
59487
73789
94410
38259
39718
14809
48937
43508
41286
64207
48589
34993
26978
6245
13341
9088
13760
75053
82269
74410
17282
31380
15893
1160
65058
16056
14720
61479
99822
42455
51507
46538
70078
36194
71112
34319
82286
81840
26631
47882
53756
93999
85456
84813
34816
9653
78183
58473
24035
54837
32508
23694
10013
6477
3702
45326
63727
12891
24475
28640
28473
37264
16734
13697
15482
69693
33830
17428
86370
82730
84919
90858
31989
83302
30752
29661
57950
13240
10848
53942
83949
37747
46933
43534
10767
65321
7906
91730
63816
38934
98685
15519
67152
93149
89106
97773
33575
85105
88663
85513
99158
79017
38414
71962
2724
29270
46512
20420
62993
18609
68732
50795
14611
72269
63548
79599
21322
60908
1712
42262
63426
55534
93337
77416
47621
97508
80356
84180
52314
93090
44880
69967
40894
46994
94430
63164
41533
17253
78133
58855
99693
41701
68463
49036
52008
71719
55428
54613
26500
94620
88657
84224
36848
74886
46660
62111
50349
23751
74854
77624
25894
82164
7557
63309
66350
77385
47485
69654
27605
1111
43363
17418
94310
6552
19822
82653
26688
36867
76898
52867
43631
16699
27674
14931
10822
4578
19409
27846
74524
12778
75502
96543
39008
21388
38217
26821
95929
63026
75710
55627
511
67566
88589
39920
4368
98990
93580
71010
40944
45223
34154
51870
96224
67406
83808
69554
60857
79782
55126
80388
24005
28691
19854
69739
28571
67917
10833
85435
43765
61648
74101
42334
73359
624
28456
50430
96735
78058
32380
14431
59531
41238
85679
15913
4587
82425
17493
92131
20380
66422
47460
20027
85630
32452
30332
13538
10027
15579
35825
51668
44373
46664
28054
34677
80634
93536
34536
57495
54374
29138
81076
86488
16134
13300
67110
20424
47812
89887
68687
87785
59012
13623
41938
91311
76282
64386
83723
9255
68293
28187
44828
87731
12780
83998
67126
72883
17012
80963
76512
17536
71835
78568
74567
50353
33364
4358
47779
85409
91775
69766
44961
89192
91908
68332
79378
75429
47724
93681
45583
44829
4220
1295
45351
29405
35919
45974
46503
27196
58031
14908
12421
93564
15888
29840
77802
75631
22025
40143
58873
27093
43216
74064
2559
86020
41872
49914
71865
70849
43850
60373
11357
75018
63941
41406
85254
48086
44659
69492
92351
52244
40930
62735
29515
5776
3835
46832
54351
95604
50522
29395
55165
63947
15115
42082
606
17664
79709
37859
56858
80134
64742
67986
24967
58321
56435
53481
38060
90945
71818
16667
71089
66174
10974
16256
1477
12063
83438
74954
32427
61189
4219
92375
82947
95620
20035
23647
64624
30850
4767
6893
65611
19608
1397
34059
6019
18134
66555
49686
28910
44802
70697
12464
26321
58656
26073
39252
30856
78510
95934
91108
66771
39078
14942
16094
45054
67079
25710
19437
37675
98637
83592
69532
35133
88028
93611
44165
23651
76860
29232
82792
83232
92574
3236
86679
88755
21757
43239
24174
89608
30752
91615
42496
18106
6588
69753
3244
39395
71062
53054
39950
28225
40773
79726
35218
85415
36086
72988
27332
73341
63305
97254
31619
50645
91545
57871
58323
35532
99802
40114
79448
97210
61189
32482
8340
70569
84192
11365
14693
23157
54664
19943
58216
99790
76197
62453
7483
47753
65596
34955
71429
47744
31858
96683
49698
49878
84190
73418
24430
70488
23656
4420
88429
96703
85124
9776
9685
86802
54790
91374
45017
87785
19393
82332
58804
7756
38208
72776
51310
91642
45151
28544
85293
11909
10791
80581
20538
53882
57284
88958
42895
63166
21893
12873
36507
68884
84304
39244
96946
85212
96191
45258
74355
95029
90107
22961
35479
55939
52179
28815
69843
13132
78553
99877
79370
99484
22713
94932
65715
9864
44439
71924
17474
53711
49412
95396
33685
83645
21373
74171
62653
11913
6592
34077
79975
92030
38347
15913
44390
20535
19443
55951
17599
31108
54653
1887
33297
34217
44477
3004
35391
56869
17865
48240
34299
33039
72281
26553
7024
42397
3390
46625
13612
60735
48604
39723
3944
52520
74181
1321
39926
46028
81011
91563
87142
60997
58209
61010
21173
18544
39335
54306
62322
24820
67888
48534
89166
70403
94713
98061
27648
25624
65993
73730
48530
5216
60327
42393
88971
68086
92829
13845
49849
11655
42279
67207
32827
5940
92472
34849
1321
16181
5321
38505
94081
96250
62174
36553
99599
79309
46200
62435
4728
46771
97232
98401
96931
3730
65494
53706
96867
17708
5543
26353
38053
75626
14340
98248
83379
27092
26837
51314
97987
47932
9977
65909
7744
66266
90952
3566
10035
42802
83208
69471
63117
88882
4552
64227
26579
3191
30173
78114
67814
68080
43734
81440
60269
87994
22526
55472
39842
63818
98797
91175
26231
7945
26187
16331
21827
53273
90979
8937
62764
61942
51039
43045
22546
12984
25222
57516
92054
1429
18543
17382
25765
99363
94528
9224
60230
10203
13319
62405
82491
49369
71764
37637
10647
22112
5298
96269
92573
58874
4545
55870
41872
69309
27537
18042
23996
98282
94364
83488
53728
40847
76992
36057
41015
65515
11447
47435
40546
54225
95797
74603
93939
43750
61662
67439
12696
79749
80290
33665
69123
96770
49943
78736
17522
61932
92368
81121
43167
37739
56447
7747
37894
93448
2820
84479
93614
78156
72881
96846
6742
64865
65084
35588
23902
45717
55871
78155
68207
7420
44592
64619
22344
50709
45208
81924
97830
15589
27219
73502
18415
83712
36259
19320
49051
60806
41264
51965
22879
92297
13792
80884
53303
85165
93039
61942
72047
89257
17291
4187
51727
63210
77295
21197
12417
56150
94266
8510
46496
22317
45323
48534
98495
47084
51452
55204
57939
81740
48888
91989
43165
64679
41689
38691
73816
64986
84610
55973
61563
15430
62518
3556
83756
27857
5652
13101
79138
56265
22576
74914
24373
23753
99086
40331
86532
97396
84573
32011
92674
89533
68942
95789
35037
15849
56656
75197
62189
21869
52362
51315
65398
67057
8788
84330
28346
79862
35986
45006
9342
67187
11661
37268
15031
47547
49744
52612
22033
16475
98556
4529
87388
93215
24041
37961
64339
12020
6585
40871
19722
59528
22074
80454
70387
40526
45977
99952
73837
49213
87293
25877
54090
52184
50439
91063
5084
12585
644
93186
26427
69414
93452
31385
50325
71893
37146
52235
94899
19852
30120
88613
73379
54993
72871
28001
46887
7616
93720
2460
31002
42507
24074
64900
26746
68603
98000
47792
17687
789
7038
79595
84758
45400
55680
53160
24034
31523
86231
64793
29136
81011
16561
91130
14381
56202
8420
73192
5350
63627
34535
30000
81619
44802
11980
57506
50818
43873
50622
1475
49852
63140
2323
88514
9141
50486
1358
73826
65013
89197
36308
55862
91358
39536
89960
37356
64346
11769
66437
99904
40163
63765
95576
54129
82830
41927
3512
94480
86805
55085
85635
1108
11999
77819
15254
94539
54734
68324
10248
91115
80868
67031
8899
29799
75443
43685
73697
54749
80000
78496
69951
30475
80563
82047
8288
75874
99902
70463
81121
10227
43399
4932
42228
63942
73204
75261
52667
50858
48274
91077
70147
62919
37858
84645
23227
80750
80481
98710
46543
10642
67186
46597
86053
92464
75978
76720
85875
48873
45719
39116
63067
17648
34990
84873
79109
61983
90448
31693
26007
61188
91160
69245
62835
88025
93251
10299
78605
97617
14589
8584
97448
57710
84388
40778
13836
60144
55739
47369
74885
2216
17869
92244
17627
36874
5276
34657
20042
82017
43557
45937
8766
93596
87666
76945
27756
73830
96188
57789
75855
17428
52090
5119
20862
89303
71914
4437
4967
12593
72283
27473
42858
6724
7861
12057
89108
90502
97189
89071
25303
26161
5097
19275
86786
16406
13109
52709
47138
34738
47935
94831
10741
50713
75213
98750
59846
24431
37881
63497
53706
15574
22493
54185
72790
6337
22401
32161
97627
78214
58111
37400
85599
34994
34191
84001
41369
79767
12820
50076
14505
28481
14306
13557
90066
37062
52810
80233
7956
51675
35267
69577
50378
52707
97815
75448
44605
11170
45991
36943
38115
32368
54908
37407
56376
69450
99627
2326
6999
31874
35396
83834
86261
21238
81112
10611
38042
7262
52644
16966
91613
2751
79422
24699
69690
49629
81690
14208
39795
39341
33818
39590
16609
38504
42512
91081
83765
13403
48913
30318
10927
68283
65945
51460
18553
76214
25300
82189
25314
59269
59888
43606
76659
84990
42173
52610
75343
45542
59421
37253
49419
324
56654
78668
34823
53168
9617
91258
52681
18666
73910
52204
74805
79399
77254
82910
38155
36421
32909
75847
35421
40768
76354
83807
24586
59838
15316
82466
73948
74117
73458
1292
56219
65452
32663
62499
13900
50190
92369
66485
42921
72571
49452
46998
10750
65640
30016
51147
80381
79975
49044
10085
24991
60018
11469
68133
38360
98497
5431
15614
52534
42715
9358
16217
83605
43465
91081
46577
1025
18981
50724
9342
76586
57009
57865
58191
97693
85381
58267
90896
28325
55136
38206
14220
33949
72479
68454
12011
23312
65356
45242
51900
98063
4622
27172
36559
89839
92254
71865
42425
13340
5753
12800
21242
86078
77233
19168
95771
52167
15839
69290
49200
19125
36915
45824
21566
40394
79372
24128
75414
39526
27619
3602
17311
86078
62305
56202
4722
78139
39440
28281
59487
46481
72175
29047
75277
77210
20480
19749
24958
95727
70651
81570
89488
2498
96133
37420
50208
85627
32828
20273
17162
69293
45545
28369
34795
14868
29080
51537
89703
80910
86307
43455
45766
89587
15178
14557
60954
78290
96927
1452
19964
84105
41086
89783
47572
97120
90042
69816
84246
56419
71219
46731
96361
90523
54307
55213
29124
28903
90999
81264
41106
81916
20571
53630
94196
39542
4206
32007
46981
33370
96021
96298
39065
65706
79467
87964
57502
1155
67286
92791
95461
53783
61077
7138
84826
50754
75509
249
23982
34955
43491
59097
40534
94329
79804
83498
15052
17903
95968
31913
74995
97830
57829
5265
13753
85477
40839
36070
92885
18879
41597
29949
79919
57354
20135
3435
59327
30775
20323
31177
56749
40179
8095
40385
19224
74841
90985
55544
74098
21649
50275
31639
7816
81897
25170
75543
8256
67183
79413
48232
32763
54024
98066
91935
53242
86960
10476
8666
90364
56014
24177
95217
5637
70323
62320
47195
38459
62831
60711
46042
43946
29457
88795
49828
72167
41785
63617
83471
62322
10235
25273
44536
39188
72050
70042
52495
77160
79934
65640
5731
76182
50363
5762
87174
63450
24352
45816
89468
36228
53713
72346
62246
43160
38017
5836
85253
90517
37000
60374
3373
86131
77501
79383
40840
77605
29136
77529
55011
77438
81959
71487
14425
89649
70482
72059
25242
56400
56365
30621
82552
20310
15570
37606
68110
68448
55768
56635
96365
91029
37164
23732
14789
20231
19690
5204
65644
32562
35512
5395
83758
60385
35423
44534
69969
37680
64295
33216
85187
98859
97710
53250
28098
94902
21733
18607
47560
63654
59368
44842
92562
72044
9463
45056
59115
51378
35989
89554
2425
15294
52796
77675
63748
37076
34139
51472
86046
15287
11854
30741
74964
87504
22744
90732
5807
48135
44896
22584
83591
51022
58533
56704
44389
95614
6558
14175
89364
75160
38579
67384
57123
50285
92978
86150
10841
29818
88143
22385
5814
75947
90395
90014
84065
33281
20191
84030
65011
25966
32565
34374
91263
64668
5379
27134
38173
86509
533
77171
146
94398
24471
48487
32862
53701
84108
65960
75841
68089
58637
90686
53770
58224
52577
86110
38718
49123
40853
70812
90626
99662
11353
19677
97349
97268
30359
50602
31340
25696
70129
47584
83483
19046
78261
22597
49949
25383
35743
41845
55217
19539
35723
61338
41009
16137
32694
37722
68287
10074
85521
67498
38127
83180
88960
33377
61291
30714
22709
76743
21351
47385
81187
12844
32130
1877
53282
88437
52981
79897
58527
21424
63099
43182
33437
51081
71325
71195
13228
59670
8345
34571
20164
58765
8302
31564
1342
33237
40935
30931
51951
32537
31681
1628
20386
43161
3323
20943
32721
22779
48761
27615
81632
93695
69909
90221
13110
44368
51651
49929
19384
61749
82239
38136
45796
87272
72789
21937
59463
47710
32268
26657
35804
96517
25872
67662
58657
75532
11802
52537
50903
40763
82270
9308
38806
21732
34962
19
9578
4945
3350
61336
43151
75357
68388
8230
62916
83551
94102
79039
39343
98176
21230
36041
16429
48590
5925
32787
31412
71273
66900
38101
29127
16346
56024
64437
54165
60740
40294
72646
14638
50322
61483
43467
42499
39024
98910
2458
25209
96118
58085
19835
4394
60831
25889
9903
48504
55544
24311
72942
99406
97715
73499
10825
38965
41179
91259
71182
65776
1122
229
87497
81589
16471
5750
66279
55657
64563
58432
35222
20534
63634
53687
42665
72939
13823
85273
39160
44689
66759
13016
47875
42757
48848
24229
14295
80118
76323
81562
85577
77917
20548
6755
84032
5268
52706
48586
52687
21333
11178
79647
49376
71984
50806
30560
66284
50728
93219
36683
80806
69386
94656
22429
48951
86539
22818
75653
46244
65598
76980
37386
34157
2062
95628
99701
17519
72222
6809
54941
39528
50491
40184
59181
218
20954
95526
87636
31689
41331
81392
8841
78878
53434
54406
99289
94254
43190
91214
46511
32725
27135
11956
57598
9468
79385
87999
23662
47961
35431
38431
68256
7670
51246
44995
84672
20714
44744
52455
92358
4771
7074
91658
32457
71269
24370
39325
21633
59979
17304
39672
34551
54412
89551
1415
73675
82618
73744
8257
42433
2148
26468
24633
51786
68380
39908
43469
82154
64466
36047
13244
6987
7166
53127
46965
4990
60701
43176
6474
89161
26419
80070
259
71761
23471
1826
4079
90117
69644
77000
68757
56548
1587
26792
11945
68813
67902
23376
63771
58305
31800
6274
57801
20407
31584
503
91316
54588
35084
87408
63344
88836
7401
36916
40724
47250
14433
86187
37202
44671
49494
88597
81569
80203
98154
7304
38549
61853
82881
63909
92592
79352
57246
65238
49490
32285
50730
96678
13484
70807
19316
91740
81107
30375
98098
17622
58095
19468
7269
9310
95027
99374
99355
89227
30823
1160
24685
45271
57697
72656
99401
68088
65938
46724
80138
20894
59484
26386
47203
31464
97793
58403
11067
2211
76247
60742
71697
8704
16568
97973
88257
24368
1910
2342
69023
21470
70092
36528
36928
11402
31247
91992
33817
74494
38627
40183
74719
61102
36938
49065
84141
57809
92855
35893
48003
18678
53345
93812
8907
88133
55155
27104
61144
82356
96640
29435
36135
99106
30644
36920
54087
95923
53381
66601
4501
98281
30952
24999
97952
69915
6432
89496
96844
17845
54546
24480
57106
22059
79764
88230
29156
7995
5027
57441
85293
65214
51412
62080
51383
5163
20130
37427
58023
75881
33734
88761
59842
74478
4997
77542
47795
23992
45827
85201
94341
57511
25173
50936
86378
2358
41620
42320
3678
42996
43918
22956
87654
39171
38358
63209
31890
4173
95675
71445
38210
86845
88694
8410
8100
92769
14334
91274
20923
25434
42326
76488
12731
60893
84997
22609
20529
6058
29766
66117
3008
85030
11158
65686
68998
62583
30730
91244
9981
24923
34947
33202
99133
68549
12250
42368
89054
78166
36214
50214
48220
49332
92477
22674
13075
76905
23590
30847
58922
86203
5164
6938
60940
9251
8831
71761
87761
79405
51637
41115
31995
73771
90430
86782
60604
82229
87701
58945
11029
66945
44434
33742
13369
58555
84156
98019
80113
45569
69084
97622
46680
84414
83597
84771
54662
47841
30863
36723
48842
36345
59322
41578
10609
2095
29104
21965
71459
34592
9739
25039
47948
75637
11862
56183
81912
49601
86008
16751
32824
85815
68074
65035
68065
37606
43146
81203
68659
18930
59976
73007
73783
83759
76222
99695
43554
6204
89916
91156
34423
91738
2113
46878
1768
97992
57414
1235
80700
2173
53460
37801
70412
64640
41654
9776
58408
45575
71145
3583
76663
34283
45423
17785
59547
228
40099
46876
73267
12198
37351
60422
24218
14168
90938
53123
73996
66061
18917
13208
53225
25216
76788
49574
60946
44145
41154
69659
94673
46934
33901
20954
87253
56480
63048
62853
49498
68172
84495
50341
7271
60577
73045
90679
86033
32685
26426
91730
69885
51831
88664
77432
34531
70208
11165
67129
16366
11804
96371
27807
22816
59686
67642
75226
25746
71333
5175
3112
78520
7737
86533
44383
48675
10401
7018
98395
94528
29037
92965
18239
46303
16635
93091
61257
32814
28337
46865
91159
28387
21334
98092
74320
47416
10028
94132
80465
81617
60749
40255
72500
30329
25250
80522
8798
89290
57658
19658
99270
24012
75693
16672
28637
6741
68398
98666
93278
97902
43974
65239
32212
54294
31250
56755
27490
88927
58491
71968
79187
90326
54350
31269
84063
48801
5464
38912
67126
60033
42368
50616
13196
97399
92929
28590
89313
90947
52194
31089
84908
31015
10163
32944
94819
51050
39558
9866
97898
21432
18088
41729
5013
95143
67067
25773
88284
99860
69329
17165
15706
62188
51655
29401
68546
13639
66939
10899
71327
95342
95820
37051
43013
79517
49581
31010
94169
55524
50725
40150
61114
12615
33318
4923
20555
81733
48199
39291
37439
85494
55425
35157
88895
54062
60610
14641
18682
84734
5394
94995
3786
4410
72320
41070
23007
23892
8327
40399
49034
47623
18658
42458
93416
91408
51177
80435
57897
56279
104
24819
924
55499
70682
2362
56985
54987
5607
9635
6858
71362
15639
42579
46007
36522
84818
79467
89356
67952
20725
78750
90889
61432
40211
3292
95975
19735
5862
29356
70786
61759
24688
19320
52007
91480
95603
50658
7451
19176
26216
70229
59685
75253
71296
67926
11481
49794
68309
96729
83842
84790
36012
9968
81996
59130
42922
58014
16651
75584
91696
88138
71179
25185
55892
94575
74741
4927
42397
90768
93498
75977
39579
3433
32767
64765
5280
35616
12517
29671
81055
49819
19476
33256
16032
54059
51556
56690
54109
13509
76616
89231
2588
22962
77495
22882
54568
66780
56760
72965
53166
10921
65929
60113
1618
76612
11948
73564
3788
86870
5743
87485
61987
78644
45687
1259
27523
55346
71656
24931
82430
1365
29170
56200
25117
41478
98171
11301
38400
77795
4134
20878
98170
15503
6910
4549
31522
35658
70497
65208
26711
74043
23691
73447
94068
97065
91997
62979
7308
32681
34922
46130
13506
5298
21502
23504
49095
7532
26923
59535
55984
18791
56562
95135
81428
89576
94218
92520
26847
29950
144
40020
16438
23731
76428
47786
17320
70174
97435
83029
20172
71701
8446
44099
18013
93951
6879
67081
97167
47848
55067
61828
16076
58254
42864
30362
64656
21624
52932
21247
5405
31846
94287
55027
62012
8035
21031
71977
98737
10231
36678
36419
89657
82713
18362
2521
41123
40514
76136
75224
20936
96284
13790
22855
59112
96026
53172
57764
47586
97441
37598
24813
70480
15780
57873
86203
69917
42541
50159
87049
51876
91575
64625
37106
23430
82393
79856
25944
53480
13117
37711
6849
54502
28174
33481
51932
32952
70767
51411
25730
15680
23337
83597
92375
73900
91645
49322
56591
8462
79895
84953
11981
11445
37027
74064
20711
76968
44889
92436
85253
18111
6772
86152
24936
28862
81281
63823
99176
12783
62643
37183
41750
11515
36819
90884
78240
47716
36148
87502
53907
38658
93605
50553
16602
8504
86783
6359
99332
60882
5662
9564
76868
33342
75021
19173
68338
94660
37914
98373
65999
7011
80232
49838
46661
24521
44707
91384
41869
19278
29391
70610
97674
6126
90137
74178
8915
51617
73391
40634
54191
37497
52971
44602
46296
44471
37706
57659
82401
93227
6236
74367
24852
25542
26324
1811
75604
4381
16030
1597
94209
78557
69296
43752
32314
99365
80441
31241
35293
41316
81111
68686
85898
79312
24933
49250
9062
62272
6704
65151
40794
64903
11787
9712
80603
99469
33465
25218
357
7244
2343
73319
26785
94276
91260
62086
31398
19995
47048
15906
42267
6869
7578
17573
66075
63883
72206
44649
23409
19435
85891
72164
73314
40236
77515
98861
55626
63149
58267
60303
42046
16553
63778
45929
61585
33240
53079
86303
47986
21253
64939
76033
83890
27303
95389
56053
15780
48831
48268
92259
20125
64653
89063
79870
84891
19407
24704
13162
69346
38616
14656
26318
67105
49512
38868
49624
67348
77517
37668
24615
59778
23862
74596
70681
27174
89200
84228
81393
17995
83263
77890
84708
22512
61947
50335
88737
98827
67236
64303
94682
55978
15107
49514
50612
51732
18046
67264
73735
65838
46712
39305
37906
23866
14627
39641
75646
1210
14274
45491
91917
71378
99328
71445
41823
90763
13159
1553
37345
7572
45470
27387
1682
11299
30914
20798
78259
45946
59039
94602
20587
82500
32555
84008
9620
46430
42527
54766
64390
42482
7379
73933
72637
65503
38293
35655
75689
85429
49222
74879
754
80444
46193
16841
98502
10324
66696
72768
27329
24374
53661
77430
59032
9114
73179
742
95170
92850
62942
42021
35107
87636
37813
78167
99318
28181
76882
93694
48310
8112
62828
90638
99049
11589
76978
67355
31689
37663
92075
42612
2673
85710
66926
52041
59745
92595
88763
43110
5262
98298
61141
9988
11305
93249
95773
44533
71978
76023
18956
38206
94521
95840
77164
84801
63544
10421
14452
73815
66896
5128
40030
98781
26423
22533
23494
23494
19515
50259
75105
27278
79438
49562
44024
70478
41358
3071
11039
65227
52367
24523
38390
57193
53863
56202
21468
7261
33301
14063
95147
64481
93775
82036
67284
30848
74183
5214
71000
82065
45274
47712
74912
89568
31893
85590
23705
69063
71556
78738
48687
74397
45336
97588
20005
78373
87827
7089
42639
76103
7411
24022
3692
57019
42585
47334
42499
81761
97110
89023
50712
76366
10769
50363
86891
74753
71159
87507
89486
3956
81663
88637
1633
64846
537
33078
68044
70037
20530
77338
58264
49825
9350
35952
2058
92043
3395
1603
87741
69988
31446
82475
48155
28354
27701
23115
41880
11317
21000
99923
2475
9656
81397
65925
40073
63651
43558
34964
81888
25789
46520
22665
94765
26639
8995
22560
88858
53268
71457
21007
15063
17580
59357
73478
89428
54064
85722
36369
45689
68352
18941
10907
96835
61655
16567
22797
45179
37440
92787
88788
79187
38498
65785
73569
99648
8887
91292
62441
30511
26810
46118
85581
98118
86367
26398
16724
52088
46364
88659
20212
88995
48485
16008
97839
70986
82390
3452
48378
30506
5641
89365
92921
88124
92711
49416
14886
40774
61819
29767
87473
91646
67234
57799
82177
22524
71007
26637
95225
83354
77899
63381
6677
11371
95145
1279
46387
14357
97176
91062
33935
47660
1633
94622
67591
54380
80880
50714
77181
12435
86560
90327
8827
55609
86383
77432
18224
22222
96401
9822
26745
53006
64160
97588
22075
10339
70448
29525
51724
47991
60577
98810
10641
46963
41870
86148
28770
99001
85218
79650
14506
91963
56618
76384
47083
22199
28837
8684
90014
27280
59384
72550
60728
97257
17823
32003
85640
41056
47422
8254
94748
44100
49109
316
195
56981
24658
54042
74414
58263
17952
39125
41168
8818
83037
502
71781
99273
90281
26168
63694
64981
5594
22423
20122
11774
77676
46903
36224
95606
5558
51374
67849
95953
40729
17199
28938
82564
22449
95796
53807
74425
10862
10119
71220
9484
59452
99245
63308
22534
4254
63728
59845
54131
3449
44455
995
2978
75980
74116
3688
34552
57054
45081
20949
17649
44304
40776
85642
7285
1905
9478
96425
68499
46864
94859
18841
20381
72268
41849
35174
99999
55464
17895
85350
3581
65882
54921
33399
41320
69730
34173
57379
36476
10968
45780
11813
90457
32222
29146
44678
32636
21108
5669
58496
14842
38987
45366
34148
73880
36017
45615
74838
84650
77835
14002
85206
22214
87425
71921
65434
18116
71986
29751
79190
65173
66185
6577
27582
10108
90279
85019
98274
99597
40096
48515
47320
95873
4226
99068
98008
12211
48559
56194
48704
73658
30060
89348
56088
63972
16465
13651
26800
57195
48993
86277
68421
2006
60532
86758
53954
93231
1520
57981
56035
36284
21111
15542
75861
9564
15609
48849
21466
41889
34985
14470
58376
52132
4941
73618
16337
51625
18960
40419
66493
31984
84658
45053
69331
66997
15999
38886
4919
88517
69372
41972
51661
18781
78653
39409
98876
40704
16436
22056
20525
64149
11365
90223
75538
94267
16245
51760
86756
53834
15680
8022
49861
99048
92585
3536
79557
52228
54572
29829
49183
45138
69072
84629
16931
56164
2904
46408
95663
35873
14616
8405
59062
39556
90021
51441
29987
45492
19333
73170
25942
71771
27270
54174
15340
6246
13706
77333
97566
76696
44768
88472
46208
51307
40270
55348
81130
57892
47402
66223
65171
22065
53640
82382
56408
94018
68174
84064
43581
11074
11203
96171
94666
48208
90949
72401
76087
86526
26874
40158
3810
6309
35135
38289
77053
82915
60764
57925
70437
92691
57400
18298
36908
49159
80009
39941
41048
44515
76355
63729
15461
7481
27826
7728
9381
637
52323
39106
59272
89861
28700
20096
11735
9791
69388
22022
4953
53135
90333
5691
14521
60611
29766
18526
92319
25076
89181
95118
52634
47995
77482
28886
53183
38446
71830
468
22891
62390
61538
28101
77700
17166
44596
6542
3422
30682
86637
29449
79770
90338
64886
88394
54985
40233
64504
66317
87502
7502
67978
43775
61185
37278
40165
54981
7951
84724
41268
37516
10495
29551
31975
78318
90032
77902
39879
48030
67806
27946
88772
33616
86627
624
28009
85224
28314
1882
78641
66461
84510
88296
95379
3594
96241
96480
29977
30001
86585
82080
48463
41932
34245
97628
13974
81682
4014
98712
62072
58849
74456
49027
74710
44622
74904
89486
92700
34983
97839
75848
13622
13121
67636
69047
45437
17443
96975
90741
27786
49326
16642
82149
61963
10439
47266
9680
275
56867
24931
21153
70699
51150
66291
24345
25446
57399
29532
53615
27923
23484
94797
39464
21419
94157
35570
43790
10218
20416
70367
68177
29563
24529
73804
85175
54924
46099
23354
4897
32033
28759
61524
52347
43556
75831
85969
55871
90554
35296
71701
99144
57104
57018
77591
89998
9556
24886
94909
42050
43105
2931
68452
65191
56914
84428
13372
86443
23767
71873
77584
96865
69
57313
56995
55677
5064
21617
8630
81867
21716
49275
21990
11788
30521
87638
80018
70989
34037
32974
13178
11750
74947
68336
28355
20493
67313
84437
43895
31060
64207
73832
15977
21477
48579
92245
34102
56024
32986
73871
20903
50159
97017
91294
40083
2479
44209
8164
61345
51707
65649
91019
5899
75022
28565
73997
62207
5045
89533
93694
23135
45959
19448
29018
52264
28994
88543
26183
59663
23426
1694
29702
59079
67584
53901
90460
92320
57734
47229
49943
14537
25451
71469
51199
99542
15087
93532
28507
57021
48148
95257
8733
98074
98487
18455
79307
59378
78442
33724
86219
41396
87631
38393
58346
8027
25267
14771
70665
17841
47268
50175
48452
74446
95568
86093
7488
30398
30364
15643
27121
13760
92030
59403
24805
14410
34104
33551
86161
37098
78066
9888
80534
62407
10930
64941
34191
10215
65466
37617
61945
16906
52702
29
62591
84147
62080
16309
14657
50150
1418
44791
90465
25293
79047
7573
70219
21044
20543
31876
4318
45237
77166
37549
12346
80718
77439
3584
96840
21006
77098
10217
84128
6991
37159
92731
61819
28540
