62014
3285
12281
93313
23991
60602
96218
29120
40605
27079
92134
25541
41605
73310
39824
39938
38141
17223
75026
6075
68044
91624
45786
24682
29367
59139
50882
41229
17791
34156
62398
42221
75240
38278
87502
78123
4021
69049
22706
58633
42287
78865
43645
71315
37221
630
59235
81192
67404
72804
71244
63593
97671
81511
28138
44444
59331
48180
29991
16829
33657
32998
6296
32066
99127
2484
97998
19434
82456
90732
8939
25985
89646
27310
49745
29938
97122
79879
37302
95722
27091
33193
41908
42405
12090
61379
82077
84855
4238
54050
59819
6425
53795
64900
8181
36141
1134
48532
53726
96784
13347
35495
84168
73116
33311
78162
18246
48791
27874
52966
43951
81787
62292
14537
41165
40995
65512
62738
46101
79278
3549
24385
7314
32627
10753
90329
43706
65346
90289
9562
8546
68723
60412
40287
59853
69805
6790
76849
10208
16276
83527
11206
26161
84912
87763
38746
94269
12663
33269
23016
32120
39446
70004
72517
44063
26753
94584
18041
82282
99092
9733
48890
2974
73957
36198
37351
21119
58281
90693
47711
49058
52831
90807
80668
61184
17405
98261
6607
65574
47157
92100
45272
87337
19523
14838
28801
51224
16310
98826
21529
46698
87448
14766
68456
43830
41820
24357
28020
98305
83203
16163
18351
71249
77835
98516
59578
25312
2165
96925
31419
56365
70897
5403
28758
61869
52808
61096
64331
53247
10246
55964
19948
77436
83074
9039
95864
35565
6699
14268
83801
47863
94129
25410
34455
29457
68460
52740
56535
5558
55565
23792
76851
85014
3840
87965
52407
54727
33722
72397
76021
22233
47045
87826
71014
96358
15845
78829
32094
83080
33670
14993
71306
98885
33348
85926
43369
51782
61719
8842
64420
16197
78265
51410
55308
66148
98453
77550
98350
96347
54189
55338
95029
80265
56936
81936
66748
56844
62678
21931
94158
60683
49986
68999
700
23440
49043
180
20986
86195
1278
56682
20663
38098
66860
62342
12280
37565
37220
2322
73648
44077
19892
8162
91133
5076
7073
66458
37409
11536
43689
74638
85724
3482
51281
76034
18115
41723
40976
79664
63615
39357
23703
62503
15780
95615
2651
79312
73100
69795
79553
36876
61360
79618
20932
94010
98562
17343
55174
90965
41930
31960
13553
47801
62683
99512
31881
49478
70641
83722
17040
34557
92330
95017
76885
9575
26622
76402
24762
58997
41084
23419
30752
88706
33346
70365
98705
95029
56024
53068
22602
91331
52074
96679
11907
79217
59393
2411
57116
86615
80700
32866
64102
78688
22320
61368
90476
71853
77785
50414
49564
22105
74428
38088
64149
91511
23227
67298
16238
21880
883
35839
77793
27753
53910
64033
27187
78746
42560
12117
39616
313
94872
97253
62407
62684
24581
1777
80400
51805
27722
2904
58102
98047
67327
54832
30709
25167
66734
81237
77584
56935
77543
34174
53599
5004
10304
11531
33972
71510
44045
76122
79624
66512
40216
26393
83463
9845
58269
7030
39957
2203
68548
99315
26043
4012
22427
51829
36274
44430
82096
11995
30539
16389
49032
51435
89432
67694
9919
49128
12955
35724
4956
42400
72809
84064
24240
22818
80538
45617
91627
83661
95823
79371
48667
94979
60000
40515
13027
62524
42754
36184
99572
25079
20306
31606
91978
843
27457
26837
57093
75260
58875
71294
62177
32873
31157
15789
5877
68386
60755
60593
26277
38520
19827
29457
25444
94956
56249
54057
87562
76393
51416
16242
2094
30349
93786
51263
9248
45762
876
77763
31878
61484
22025
77520
33616
1275
73250
58235
46586
7103
68038
54556
79262
59291
3732
38865
77171
25971
49466
32609
11014
87455
95656
38334
45875
89986
85623
6116
25984
94260
21551
65694
27446
61626
88665
48999
25757
62488
27618
10894
95987
46397
65897
12147
17513
23964
6150
19599
41307
7547
36694
68208
52361
7204
63047
77249
57526
46649
58652
51176
37884
89764
81725
28200
37514
98604
42175
27783
25468
4388
87243
39530
26805
65854
43630
8637
50076
8125
47997
7823
46608
86184
3906
36025
21544
78106
45095
22271
47628
13654
55038
19567
91946
72343
18602
50727
39382
12230
15950
73747
30465
74949
46320
55316
20692
40648
26154
14620
5449
21219
61837
30037
89766
66846
96977
24193
54359
16934
50878
30300
80680
52637
21936
15422
37692
88913
60331
29821
61580
97258
10683
42160
96735
80765
51685
55374
1474
90654
23600
49044
50341
56978
6122
15173
36754
9378
62553
94571
16042
91371
46494
54684
14334
29587
13255
7769
7079
88534
51186
53200
27010
38910
66905
30401
40972
62737
38399
81021
4821
13444
13461
45642
77188
87278
18857
78083
3272
22231
96843
48988
81717
77391
7453
82788
78659
91067
82295
77923
19615
50282
92757
36579
49868
4037
36509
95403
27258
1413
81872
49989
60737
22847
19117
18625
49434
90298
48732
45171
94490
19233
68094
71704
70124
15316
33358
85750
53610
86105
17780
65985
14264
96208
80678
75449
91709
29764
46011
9425
92414
46653
79438
75531
79769
38674
49835
9086
33819
20219
80409
18713
38366
59205
77796
28290
7043
64895
40934
5911
24904
75570
19825
90966
70086
69581
4539
6456
20361
478
71367
53848
71949
46140
17644
10449
84753
83905
20804
28773
70299
78517
68083
50618
45544
63078
11922
9918
89166
10004
66519
76556
36208
1672
21187
33543
75677
51045
81703
30883
93381
75127
88180
65763
31961
96327
54526
92476
13566
47504
20172
70105
81806
92204
44958
22168
97419
33992
34683
48529
26720
23991
1623
62967
85142
97793
95613
10679
18160
70876
34174
82334
13540
15443
20886
89879
32471
8578
34776
65521
67411
7524
3286
62622
5287
79204
12079
82264
91611
51119
66644
93759
73967
23019
85112
32030
1135
23841
47956
31115
2741
40917
99381
74764
8859
50006
12611
50519
65883
1521
68942
2258
79173
32416
54071
44730
9756
2432
31992
7999
84781
66464
76433
62635
18317
80053
28464
12323
81551
23691
5852
71654
44638
53685
67646
41875
48189
57477
44941
12584
26873
86584
82005
86245
78247
62760
2530
110
4799
92773
38255
25615
92852
13758
5861
49146
24623
23065
48594
68300
46152
77346
9513
38093
56993
81024
6415
75094
66878
81891
14857
28013
90116
67162
7743
28076
91789
36609
45869
9440
52454
15479
31526
50029
19397
81965
6757
8463
21738
79419
66450
93883
78768
7885
23214
63300
60208
90874
23739
20217
95283
36309
57802
22155
68498
29084
52482
8365
93388
44302
76682
