25105
18825
47128
37971
44659
30463
17234
20761
9392
72406
21897
76335
1765
43195
43365
78660
4693
84379
45932
36157
5258
90935
95644
66654
7162
96093
36250
83474
78086
42729
55109
60504
74844
80632
44100
97450
23772
62788
19838
69642
16119
29569
26184
12812
74451
2354
63128
9562
63371
63177
87193
8808
12531
15834
80055
79701
80762
19738
11002
2490
36584
9785
82320
94802
62471
59801
26243
43142
59614
54506
44041
9268
27255
77476
31578
6459
74562
63456
13757
87718
87859
12404
32603
72915
18503
81960
48245
78750
22468
31737
35856
92526
8446
53674
12622
21980
35317
43554
49497
87260
75324
58119
86969
38218
28821
20276
44581
1202
38839
10681
33846
10907
30929
49264
77814
99473
4201
47543
31096
9645
94237
79471
39041
94884
53803
94032
13059
46281
40972
79751
14891
20863
77755
3789
36753
63711
1875
23269
67180
21731
62006
76785
66152
62253
63210
51601
1999
31542
58077
9690
69572
99095
62634
77199
49808
98285
7252
91679
86739
39117
36303
43994
43004
80420
36766
27473
76308
98345
67894
52137
10612
22306
74082
65436
70423
66864
36576
31500
4297
25176
44008
99844
14655
53742
23533
18414
20833
32768
52476
70314
17794
48636
20546
62418
22320
95103
6314
21671
31239
42556
28259
68406
224
50181
78591
86029
3238
47960
73336
97109
48585
98601
92686
94155
62443
5192
89964
20990
16408
25199
59496
70663
5203
26859
66984
6176
20460
91236
76322
4707
62190
14762
35900
16032
11380
70494
26195
51610
73979
38778
8567
95454
27570
3806
2258
39073
35438
33368
17609
28726
2586
74607
62843
75113
76364
85388
95047
8922
69299
13958
53771
8857
34028
49000
26471
86234
83892
36609
32863
23861
84152
39240
11071
78078
86152
86250
47897
10108
64394
50290
28042
33095
32042
25619
38842
11971
71279
50453
42882
59764
45673
16729
23624
88892
47718
89291
3686
51448
98309
60291
82537
23092
10146
64888
8437
64006
29519
54402
98726
270
32707
98666
71505
33160
34668
61712
69097
32106
41089
79225
29405
46240
25970
71827
18846
49474
49025
20678
29471
46703
12489
72600
57973
79625
83804
22333
56126
43788
26987
53754
27326
27212
88671
58068
50948
79210
51941
45626
72267
65202
66277
75468
14940
43861
54547
15974
92273
94846
47070
44173
35572
22002
82055
35572
5126
55849
52908
11563
92412
46276
45857
97829
10244
19114
20256
84165
36549
76579
75127
14180
23940
32048
40160
50114
4163
39300
51439
64135
12036
26307
46212
90260
92811
20118
864
30154
43969
42376
4884
87478
55605
93633
1140
5560
21085
70204
97771
71887
27034
2118
80105
83780
73721
18198
4759
99407
96694
96387
66602
11273
56955
31175
53174
92655
48967
63758
31034
27631
80137
21082
1241
97331
5355
8407
68009
62951
14604
5846
29988
712
32294
17320
96828
97739
3246
54616
68300
42439
61753
75878
24393
49441
53723
54108
64791
66034
26187
49902
83800
51767
59235
87795
62655
79284
69764
37754
59171
72869
52438
19147
35311
89411
19148
59516
60950
82416
32358
26988
76995
59903
29648
30720
65519
25667
32296
8983
45484
29554
50557
51627
89918
8085
25747
11047
79241
18639
14818
80672
50502
80071
21726
51729
79247
14676
31250
60535
65497
94213
62438
41061
15618
75882
23679
20517
42752
96930
21189
3948
21817
16097
28608
47225
71856
91294
40955
63050
38781
50711
57867
66970
534
705
44425
60475
75977
88272
2939
65452
27404
60926
55313
83959
31531
75452
5098
68778
34240
58643
26391
27151
64897
10965
37751
3978
19987
5125
52642
4975
45533
50304
16002
86430
56567
94342
77627
61148
56225
99945
47242
7727
39632
77489
47435
23285
18339
30729
80501
23010
59636
72105
86657
78356
24458
76289
10824
7476
41642
62207
25674
62700
91598
38910
2250
57119
34510
5899
24694
94473
31931
18869
7013
86325
68971
16176
81402
5973
8526
44485
69445
24897
28287
81818
94184
92047
14294
53945
23862
43691
75802
96352
9911
4019
2516
94853
89385
7410
54526
17380
35521
67191
94522
58950
43727
31921
74016
23919
43807
72905
93007
22341
67196
81436
43077
95288
8015
42900
20458
57970
5029
12130
17126
71228
97934
91865
818
61034
68706
13514
48524
87748
33950
30040
60932
37266
91308
7799
19763
30308
82081
44358
13196
44283
36895
80742
18090
23767
49179
8150
75273
23454
50553
75405
87377
52390
89267
4403
78413
8447
80217
70843
23450
33440
85266
36385
84027
47308
63968
69020
43209
97409
80481
86625
14567
30173
60370
92468
86515
83597
74095
77739
52217
14131
61814
19744
18082
73811
11721
65715
52329
80954
3185
762
47374
13356
39904
15750
47268
90760
45423
3444
68389
29338
82374
14860
74629
55518
38490
61945
4131
23884
93232
74181
81340
22916
87552
55697
62330
69654
96405
41486
80234
10286
16208
91163
7723
58267
876
46235
70946
89499
32125
16562
54187
19877
2482
11708
25098
95826
46393
72586
10335
328
37217
89
98135
90885
70875
60593
99583
65956
80922
30808
42964
30543
35897
59856
26902
51874
69307
76436
69947
25303
57870
29002
89695
65492
70953
82148
44697
86637
58388
52953
35689
8086
68199
15548
96590
24874
35979
63094
91636
39441
95164
37445
1290
30225
43312
13423
13586
38036
9905
78948
75921
43442
7014
19728
60710
28987
32816
56826
51831
77539
9488
33853
81479
75242
67590
73952
68517
98919
46964
18547
9566
16112
93537
39112
88881
34569
36185
65356
56931
67079
47377
86081
23561
63839
23529
49209
43651
19503
30186
15249
31401
38345
92015
33736
65916
51800
43905
55002
61535
36080
53530
91837
79135
89814
71658
36215
63149
78249
19832
31418
56461
99084
99136
40797
19527
41650
75963
59097
52378
74084
5276
24765
94192
90065
41687
12366
54925
75635
9436
74398
56033
25050
43361
67527
957
64215
76670
45765
39458
90151
7505
67949
62165
62618
55297
13518
44654
70015
20128
4707
16208
71950
53450
30225
72307
71697
73226
34563
96061
13840
29852
54208
29967
84440
15981
47366
19931
61927
20254
11237
50516
84854
10376
5626
81086
5027
60377
99558
16804
13978
15804
78475
59880
66688
98967
97795
79860
50044
56398
69500
2416
19394
77221
6420
6157
78205
79650
27916
67550
60825
1617
90316
92902
84426
51425
40628
79660
14524
27819
18906
9003
35640
8467
805
45542
49263
17000
3781
77017
63462
57925
65484
39658
41214
70426
7981
91198
27807
548
30960
22665
77377
65881
91279
27709
77751
87200
39504
68899
99256
37980
92863
75400
19659
63146
6
18574
83662
63872
30444
46468
92291
56533
29480
63056
55192
88191
9153
25800
10098
95128
79428
96064
28117
90682
19968
2909
30290
53481
48609
83432
7341
68944
8551
32510
4457
50723
63394
17317
69587
55459
74124
26073
65096
9409
96579
57637
93892
82074
78626
14157
50056
72864
11644
13383
56359
57241
42708
80778
29485
84224
39259
14462
18348
63626
9351
82867
81061
49891
41004
66510
26832
99095
9401
37598
22407
22604
87858
62925
99125
49484
34790
95570
52086
54881
24748
25603
53419
31385
45343
36103
27774
39945
86387
14569
43052
91342
56850
59369
48595
34254
36824
1933
45081
26461
47335
37013
67222
23804
43720
47980
75072
39388
48351
95098
75217
44864
52649
81398
59543
81887
4437
10393
10552
5609
15612
92910
45567
82145
36958
30277
53767
29801
38171
47943
17027
49180
86218
26307
91240
6324
41849
23847
42264
65195
10978
52939
94028
92191
60583
78023
10269
41455
89194
2276
74319
3618
54891
82256
69978
6567
84702
39371
52406
33622
81640
24319
22434
77013
21814
88748
67729
57239
76186
55361
81426
86816
28131
27175
23611
70883
23256
59575
31697
52204
77425
81196
46135
21593
18099
94547
96912
26243
4133
57695
71346
92315
73555
38713
79177
60655
64575
36596
56613
93227
38750
92126
8994
65308
43318
97267
46610
56433
50418
73676
61065
57562
84000
88245
82436
87954
25896
84763
80694
6297
41513
72356
63441
7034
63345
75705
59694
99020
36472
96734
8889
25811
9658
35331
7899
19398
19247
71731
18757
96427
67081
61065
34455
76767
36042
74754
41866
67954
27711
99533
51040
33198
2652
85023
89958
29048
89653
6052
61826
69232
72919
25104
32319
21747
49985
54547
8275
5536
86882
80202
78377
48247
70096
36306
50767
42140
11554
62616
68286
69147
42763
3244
82753
61670
23540
45588
67173
34778
93844
25245
6716
88416
71598
28236
72813
58223
72007
24018
39771
16174
96675
53342
67088
28791
57627
1420
33639
20855
8445
44251
16979
1907
34913
5244
93486
14244
68771
82951
73058
5795
24481
43080
62158
63583
28146
11702
91670
71307
10401
59876
17450
52533
74182
36177
87184
9265
55103
17914
87856
46644
93328
67823
58333
65724
92084
97250
91259
95405
48670
36379
65329
41142
9201
6313
91117
58866
20632
2964
9454
86635
54466
25902
15634
13689
45150
7528
55740
78599
73807
93504
4673
88822
46125
62103
55536
92443
4920
8193
53820
9316
33401
47510
63367
38137
33910
37733
56524
99901
31826
17480
25609
88627
32255
25747
57095
27453
28513
98278
93512
80863
55264
29122
43372
78434
69993
83064
54336
97045
31778
38461
72228
22958
232
56698
39606
40078
71143
55487
40544
26371
16501
99223
6587
8423
70187
8983
77631
48517
51681
99377
92328
72251
62725
78725
61734
8187
29752
98230
30465
50764
15781
7802
26279
83790
77791
76364
74804
54331
52213
47196
98109
87368
59349
55397
18905
33995
6459
1983
67596
82038
99155
35979
71985
3009
7507
54924
57347
3974
2798
41813
81832
65542
69974
861
26043
66473
25361
15855
39124
66243
2999
20542
94102
46545
61573
63670
26933
2499
79937
67086
76258
21652
83435
80377
44565
84340
7964
12827
6870
86535
29598
42201
29320
29734
98184
11913
81458
57763
7284
52489
38986
45449
39870
59595
56576
81026
32571
42798
35621
83987
38260
2952
91223
49410
16542
63775
2858
31192
30487
94167
48852
90240
58430
36581
78708
75279
67631
34402
41824
86814
4283
37756
36907
44243
14784
92198
99151
8350
12170
42928
18076
14655
90597
40497
46077
99205
87486
46976
69027
40976
50549
71651
82736
37432
87809
41566
54722
77895
31712
49677
61467
10017
99769
80525
6281
71972
18640
93908
41206
23530
81605
33889
86190
52267
8554
12718
57832
63872
3871
86146
45364
44386
57420
82531
44127
35281
54106
27304
52806
5072
59246
46061
53525
73934
74147
50944
24570
63392
50147
72184
97258
13193
84930
49637
44239
99355
91863
87394
68686
18615
94167
24775
45425
95921
99056
29691
12597
46447
2399
80295
41010
15344
59182
2534
33442
51017
4910
94040
34128
21163
44844
68886
15071
96192
93875
74079
71060
99540
447
40977
25121
18928
72217
98964
29134
52865
54292
73840
95750
33207
16962
87934
79611
19818
97299
84508
3415
53431
23788
13082
10625
54184
67744
61266
97416
26834
13966
54133
68847
97848
45622
77119
39317
82125
9593
17964
96256
41142
92396
7685
29477
71597
18648
77171
61910
13218
92018
40692
93832
66812
32530
99114
78976
20893
68018
28433
76346
71748
34085
56041
73238
79820
18737
37329
89791
61618
41258
25333
71257
97044
45453
39454
70823
28340
3669
23944
34390
50844
33022
10161
74601
16859
57492
75532
73345
37581
79062
52789
18281
67609
17293
59616
28124
3540
46243
88970
55283
2916
26242
17105
28303
41119
810
58400
90687
67537
87629
4162
90895
9499
66411
30519
45485
1145
95558
8964
10073
73436
64257
52357
97960
19798
35098
50462
25525
26805
43840
39983
18693
59654
59859
58821
58581
99003
90007
56813
10082
91207
68948
77092
29813
14469
66190
88970
27145
39289
66171
84245
35482
94254
24454
13474
37804
30975
28512
82822
90069
65585
2717
96354
24392
7709
6354
75925
77759
68876
14121
56043
16100
44186
15774
28532
99740
13981
72282
94607
45649
90239
21993
94757
92282
60167
69402
56274
50729
86935
8786
54877
30416
91022
89326
29961
1809
70284
50387
8421
6593
68566
98291
67006
41561
47216
25119
82868
42745
87015
51363
38889
56056
497
65667
630
73420
4747
83600
16888
44594
88738
37766
56551
51643
12430
8069
40104
95220
24728
36234
91736
44496
31165
17258
7528
75316
16394
67115
71145
93406
487
36798
79229
55699
21328
6972
78412
43588
68126
3260
11480
66588
27653
46031
29768
83625
98838
32248
56225
25220
16549
73003
49011
99902
62053
33729
21487
65161
25295
5269
18967
8161
63297
42335
96301
3829
58819
9738
46157
1014
44197
9715
33367
76538
88132
99840
50276
39565
31819
61435
54458
23702
60822
49578
9594
44417
29970
54925
34647
53294
20736
18195
41345
66773
84473
42328
21631
65555
91019
15615
8891
90550
18306
79208
52088
89090
91714
69391
23806
86749
51568
47105
13462
65917
30672
9915
8145
58348
32072
54785
32418
73557
13924
95447
71852
87758
6163
87359
22550
92961
83343
70192
14108
87865
64314
67376
56255
15878
23683
31406
32732
268
50632
30238
33145
94286
65846
90898
59003
18259
80459
30705
90678
12050
90653
69430
86140
32288
42611
53672
92023
1587
72945
44209
78577
34929
1329
68350
87664
25626
96876
73042
2720
45327
8057
27047
43624
39293
37548
71490
25630
72138
77152
91346
26614
45883
655
56005
39637
40287
14109
64486
28549
13020
18645
40758
88705
66740
11691
39366
15408
69651
14593
95535
83406
91576
56709
14095
78950
46590
82423
64321
67196
44005
28777
13559
69926
63522
80479
43734
83259
34880
81269
43245
53636
92849
17952
81235
43279
69205
31213
1885
84898
25285
7141
86457
81772
56029
91026
25067
4599
3076
58203
5985
31194
56953
15115
28500
5003
77756
69968
30206
60593
46453
61696
87794
4888
76741
40565
26332
49630
11912
69849
89974
94314
72004
65597
24420
62364
79888
89699
14222
27967
20132
86747
20599
4955
69273
46410
29694
66152
7676
82407
54161
34045
3188
96032
60136
62885
53517
28985
75781
29491
64897
20980
9798
22061
54659
65548
37924
96451
64775
29723
17036
46275
79345
67804
14776
29541
47256
60075
41097
71105
14903
968
23746
74209
55664
10874
66308
90160
85405
64656
21378
47442
53813
68419
97312
70957
57399
4407
43821
81797
42869
17280
73754
59238
55520
63809
98678
39834
49196
22512
25351
22042
45312
10582
77063
61857
89949
51186
31705
20316
23657
54045
25926
28926
99094
96488
15993
28848
17523
46945
41811
25830
10223
73493
86603
55628
49349
89999
69318
52543
78761
19391
68399
48664
8653
23414
20595
71395
69104
24045
68411
24654
41220
92837
24647
51805
80954
83368
58436
9466
2860
17103
37609
66729
22919
20670
38036
9882
99251
39082
70876
25688
53345
90
86034
31358
27184
74347
30745
65033
66939
79181
37983
96233
11714
19243
36151
63953
33652
30216
84213
64429
23414
98021
73093
39667
74643
76255
60872
56371
35583
64053
908
69768
5321
96135
92358
19248
25981
24537
87983
84792
44660
855
22584
27793
87225
29075
59403
52383
16536
38954
79840
89967
77604
60101
83225
84744
88037
61724
2171
24667
95773
28276
42633
95829
96374
26504
39230
61043
39434
87813
4903
40756
37997
52880
7931
90762
91579
96291
49432
58538
99898
78676
87707
35588
47244
99190
45499
79948
52883
35544
88066
30454
52896
97356
94057
82497
21339
76931
68559
47114
44937
12307
85014
95265
87228
67674
90939
59064
12445
69756
95376
12408
9358
47881
57111
94894
10751
21018
5213
32163
61712
92025
82320
98505
50462
45440
55871
61681
35819
80538
82764
80729
94542
52230
46512
77954
75796
8603
17420
15776
5138
77381
11880
27275
68713
76268
31562
47411
90644
30101
9620
47920
43184
51522
15034
41303
17928
7093
67134
57832
40605
43539
80906
9572
73806
47715
23946
29437
97354
37973
93539
4581
82671
59295
61748
80584
1309
6019
90887
13366
48189
37868
85204
5592
74663
30999
3187
84196
96213
76303
14203
64108
77282
17552
29340
24784
93181
40077
51221
57588
78576
27502
60019
82316
66568
35441
63016
71795
78944
79920
13251
95963
16110
22403
40177
45695
92554
7836
39439
80789
40151
65521
40267
33727
58639
69815
47095
96384
72015
66217
38856
9900
68764
59976
7409
30776
5680
5980
59991
51888
96581
90745
41041
51079
78461
54589
10111
11689
85612
63989
76547
91213
81890
95488
77184
30246
97689
67307
42125
30936
22391
35611
70934
87368
63200
35017
21392
6093
90364
88007
76823
11618
47424
4769
19494
62685
84764
99775
94193
88761
13056
88807
29090
34288
89484
65215
92399
58437
87826
89584
80533
14653
9226
86438
5107
59981
11538
53459
67269
43599
34656
14004
2330
4942
1798
97484
51765
27457
98752
61932
71101
15125
93084
96788
67041
53506
15335
65330
94636
17599
43248
90121
39360
27794
75611
77134
14322
58336
96421
71244
57314
53090
53807
52135
91958
71448
22857
61565
79570
47000
46780
7113
3606
87519
67123
85761
48659
53128
80103
73471
20075
55610
14406
70012
23172
30043
46304
87896
47945
63075
42413
48279
88126
18635
26174
71941
33693
4644
53406
12570
96626
11012
98949
62105
20911
90172
30714
79186
76045
2821
24449
93031
42720
94456
59944
172
2581
97052
10922
6663
98122
6938
15295
66807
77194
21485
83169
48210
29221
88438
21306
48646
20360
37131
20975
25088
9853
1615
92963
56043
55426
94173
96233
23025
1726
5566
91787
21309
96422
64442
52592
61536
5675
90987
82477
12050
56892
2125
85451
93905
42816
63121
66928
91621
12776
72785
85805
86084
65589
92254
18980
83089
49286
29269
9331
73182
49147
42160
98721
94291
8587
21080
60068
19431
69342
62488
65677
38699
12968
10829
25297
96678
45347
74010
87316
49403
26887
82648
45300
73863
16553
81547
98991
69286
65934
83151
50482
57333
16522
17617
37472
10034
77689
28058
61403
47519
45496
23334
38354
48742
98689
15603
98854
68086
27906
86069
22522
41516
53241
81766
25175
81837
94446
85947
20570
18831
71725
10929
45179
84856
87422
11942
6043
51678
95843
85061
46760
6317
83917
67417
29871
73383
60795
29442
90112
14629
43249
44710
22167
15132
90129
74398
63660
85819
62136
62929
80120
26480
60855
47007
84162
95819
66828
87763
84549
79803
9469
40668
61824
9332
19441
83125
92667
66289
92043
31455
88272
54198
33219
90000
72413
22351
13891
67461
8005
40756
99163
74707
50301
4174
80513
99899
43546
10547
11177
18076
54549
71821
52732
33699
4823
45176
3448
82909
8839
15402
26372
38125
16845
36110
67630
44088
19522
4329
58435
9822
18230
2045
99883
17219
86718
31723
77118
19051
18392
39219
20647
27301
5980
37240
48531
42014
79681
80703
87446
14326
27048
84309
44315
86672
50857
73840
87365
8642
2873
54894
60262
87949
50741
44058
10971
52454
5005
89741
52643
28307
29775
24144
73883
20177
89903
81440
93079
82482
1841
32266
81086
67332
22483
90422
73858
17612
40121
50529
6107
31730
19158
7362
78112
80118
94451
35950
79681
4160
50016
51222
70947
62197
28949
74766
43193
80581
89667
81801
36955
34754
11163
30592
64166
93867
52539
43537
65072
51174
6161
708
99942
84716
46989
98953
29060
68861
70439
80093
77935
26069
82570
86188
27027
85239
44188
68048
3125
39941
54218
46935
4468
97970
51957
19171
1984
90990
35571
21194
45719
84929
96132
32094
59352
45075
49842
43943
68422
93735
4227
76972
699
80680
60191
26865
33574
32284
39192
74298
15746
79093
86330
51790
23957
71270
29265
84631
69410
98195
59953
55365
65099
30561
26759
58194
41670
50860
90362
17120
15034
29623
92412
83519
43959
92446
19059
13227
99376
80936
14174
50257
13078
36217
74726
57746
47346
1827
30404
16865
25470
5436
32553
74182
4416
37258
83373
20037
2276
32155
92183
45977
54933
5362
90982
65209
69560
78811
48058
95292
47046
77728
69442
73977
56228
31860
79235
92232
95104
73036
24641
33828
14889
93582
90221
2161
40779
43553
43563
86010
80966
79588
9343
45908
77835
80603
67156
27135
51539
19171
65928
70506
69755
14599
11671
28725
87903
14507
45379
62386
10578
9285
9885
23525
18263
50988
67059
82763
94080
93769
25109
22582
45056
87946
63333
80502
86351
81237
71035
35060
27546
21818
39570
8696
76356
59137
55379
63274
98109
23234
71995
11893
70556
55475
37516
63239
47420
58972
26573
44982
45745
84806
52863
61373
7782
89682
83965
17667
23541
91175
54414
35581
78946
45155
70859
44809
95636
98642
67079
1211
66864
91037
57344
44565
37907
73113
18817
6895
22124
33280
64081
55799
5781
95773
55580
4402
1548
61633
21659
90720
7794
53618
94946
64381
34238
45827
28391
44771
81535
25375
55594
75693
52813
61471
65541
92983
57867
9275
7665
51553
75611
34461
57650
51250
68029
93233
45216
23801
77414
5272
78004
6255
51449
28700
80043
69945
33860
54078
27610
37225
13978
33739
19502
47811
38728
29613
87838
84701
74390
16734
34000
53792
59709
21655
42116
71596
48319
8614
42529
66999
26727
51134
75034
26165
37694
76968
48957
10900
52903
55896
55864
20287
664
75002
44520
99458
28565
32811
56927
71757
10283
65188
62609
25233
73125
4209
44219
24167
43535
38400
54321
56368
59813
2165
10083
25367
44726
17467
61899
99635
66971
84148
65973
14056
54350
91249
54251
44397
66824
12925
74332
8681
91
18131
66217
61591
13225
36721
75404
97480
22623
63652
95109
61639
59634
52194
29218
43799
15604
7895
74506
3193
92307
38519
60006
75562
40271
23219
29100
11945
87445
61062
39882
73687
19484
17167
11307
67222
47195
33913
5865
6804
24070
97973
44080
50433
57923
76041
59211
30491
91725
86786
75821
26923
21892
25125
78045
24872
943
64676
45855
48858
41616
53932
43323
25785
18338
17498
9197
64148
88465
88686
74248
74637
16117
67383
30119
9665
2637
62030
36082
96357
88212
35871
11497
84332
50275
28706
60816
80806
14627
88776
67191
81251
69580
52561
27205
35893
15711
12634
90529
61970
30877
97427
47772
87928
32642
20527
17534
96012
15170
81557
94059
77307
18462
88115
23346
35233
76130
69906
48114
11592
47518
41092
53737
5416
49471
10874
26363
37517
65834
10258
67035
46870
49748
72142
3545
12218
69889
68896
5384
91845
38903
35649
67467
73376
29790
88641
25051
44686
13686
62424
69335
60530
59733
51803
24169
58798
59323
62986
62321
67783
20564
99207
65776
13252
29866
23361
72883
62389
7908
42926
76570
71985
42912
73175
3972
30871
51752
68621
72217
90102
14579
4313
37108
35656
68539
63601
56106
54457
97878
71303
81595
80869
42739
80187
14164
81760
60371
15409
41407
48591
63938
10813
9576
75923
53488
98619
39820
65958
71921
88411
74240
58334
78445
85497
14779
25358
83620
49835
449
24620
53154
35091
65262
64365
3419
75028
35835
29132
38339
27042
97679
46058
15756
78610
23621
76400
86109
87984
19126
49488
42572
28240
82275
9161
45016
82268
21602
94344
48645
60940
71106
47851
60628
59859
17020
13570
95422
99670
93528
17007
92078
15256
86681
52684
42520
71280
88358
82379
76282
61564
60694
49624
65773
97199
98903
90395
89416
47877
28124
5562
54865
44760
13568
1660
63904
56395
69691
8711
10643
77315
26464
83499
60296
84470
91696
10744
19226
76795
14143
76745
8954
28353
99712
35716
72905
36956
36848
6809
15312
8346
87388
73416
95613
31635
99824
31424
93914
64127
21150
99170
39307
88289
87559
86564
74628
44417
43048
43409
43109
24024
25091
19213
44915
40164
46153
56311
51764
49435
77378
40679
85862
54365
27417
57399
9180
91490
67526
61117
50614
6034
76121
43446
29244
56275
4064
8255
50872
38813
35125
8253
50157
36234
47303
82076
84119
33737
65219
94773
68096
99089
12352
73320
85212
54770
92068
88905
28002
86504
71029
53047
6984
16937
44448
34119
18042
38558
58176
92511
79798
79086
53899
32831
94375
71221
76095
22234
71291
13363
76388
33633
81891
55489
22430
43777
50504
17055
10482
38467
65284
48617
42098
45873
79044
54280
98055
65977
41560
54532
74714
29386
79507
81591
30975
30778
51750
4349
62174
49578
5748
57992
41791
78305
80113
28751
561
92149
69020
83910
440
81577
46294
21802
60593
54224
36413
31347
69923
40080
66282
81739
92291
72801
45476
30013
40835
71060
86974
12679
58585
82609
13620
50602
4008
40472
63933
43392
31757
21833
78541
13293
14760
72223
22378
88909
71301
15768
9705
32973
7974
90864
98021
59350
92495
86506
13083
86533
90029
91248
26628
18358
86596
33106
36880
48414
66035
15434
41723
90551
1798
62752
32847
8982
56216
98666
46006
52600
59811
67179
74938
39227
72870
16476
61628
57290
65393
74505
85133
13712
33200
31250
47947
85934
78706
12625
19356
77255
67829
99003
91008
35000
25743
57279
86774
32773
891
14220
99598
82607
7231
47440
51142
11458
23414
52282
95427
54698
98463
6977
53614
79749
50240
27422
37576
44339
7896
66163
11435
13931
57856
67535
7935
31336
90909
92426
46422
56480
8294
64747
30661
47892
20300
1097
54847
37251
64106
9229
78287
378
30762
47031
70098
39846
97458
45368
2382
44554
93993
96828
69875
61932
42986
81162
62189
64137
70596
89316
73507
40841
88971
93033
60847
35277
91295
37786
55194
57893
78422
26458
75187
64350
87145
3758
95916
50009
87160
5827
13778
43830
79931
15791
92647
80559
66086
82864
51997
97313
34039
59057
36624
3301
75231
72587
32129
18366
82379
62792
84043
16362
7887
19587
97188
5979
41230
73547
64498
7904
57608
47365
22343
7356
83231
15953
99834
23736
96552
2501
2947
45524
59819
61174
51251
51064
16663
34678
77838
61993
41638
27383
46694
40664
51463
92301
78005
98612
56526
89457
58071
60735
7860
51329
58785
22014
19276
58309
49570
66826
48548
9517
30420
40324
80084
30327
48415
64646
95110
10316
16363
27924
25313
17482
54911
31344
25204
98332
68763
7277
11036
73317
14766
54652
978
69019
48597
76642
67092
25424
17
59499
12174
1421
94883
32855
11877
23831
50343
32242
82688
10771
47690
67010
33491
80357
9610
31513
62345
44724
14761
70059
28941
32362
97260
34809
19541
43831
84118
17899
70444
9621
22748
64701
26811
42823
22693
76784
19283
986
74784
36481
15481
45037
94626
25175
72110
69517
89498
39414
18938
31033
64883
30640
48597
56709
60998
56155
22225
72090
28537
45598
68871
985
11223
43813
71165
72960
87053
13204
93489
59686
93471
20919
97701
72064
28613
8824
44775
65990
23973
97834
91003
13455
13966
31138
95719
63257
14766
8390
83515
71430
40817
28926
60251
24544
26198
40486
59018
45532
19887
52133
49204
19292
73974
78104
35993
91823
38343
93000
16177
79443
4670
62554
51680
72187
65229
83141
92888
20299
17337
18942
38245
55168
81618
11183
78841
28205
68941
14438
69909
73503
224
90569
8176
44450
55578
19272
36903
71133
84860
88971
10977
29465
28440
31274
99902
85471
69060
923
78012
22335
13627
6598
72805
85292
60273
57429
21208
36228
89488
39335
34578
20686
73492
25252
9753
33404
92191
61834
54629
39152
48505
23749
98763
37499
17352
33342
80008
55936
69288
14762
37094
60056
41512
91139
6702
9422
11809
3220
71274
38986
6355
97806
89941
14635
81917
54808
12322
61709
31161
84035
14502
5035
80594
26203
47171
66238
66338
98201
10993
14691
74861
93589
64203
7834
78164
57401
86196
61930
96790
46257
55012
62723
32362
95263
21523
73628
25841
23787
5440
75994
6299
13751
37694
8786
61401
94288
28380
38853
35163
15456
90479
6634
89957
33281
55871
57322
57042
42636
17355
16325
31205
73712
61561
24658
73544
1662
91774
56835
83300
7008
78246
90278
3291
17162
10849
28872
81125
17928
26475
50965
37221
10135
86293
20827
51271
52401
28917
32076
24408
74528
47655
67201
24706
32467
46814
88219
66883
28430
72204
59397
15241
86747
82217
68822
53772
56159
38691
39379
27143
48424
67
98929
1589
74978
8440
38552
23716
55465
72706
68419
31897
52632
50525
47107
97952
35040
65063
83491
96781
33332
45040
63399
74292
86593
33853
93294
18145
43739
6969
7574
41429
58099
43897
51806
2974
83333
13962
22662
5202
36365
94010
10035
70504
45881
60319
91216
6419
90170
70535
29678
46587
78740
26942
86571
84698
79893
60758
32817
49904
20962
28374
90069
89923
13773
89345
70464
95734
42723
10433
10154
20645
14722
61712
50562
40634
82567
42947
67722
96143
54629
61460
6431
43329
66898
44010
52311
44046
5819
87655
98339
79499
11768
2573
20340
80036
89530
3918
86714
48496
65505
28816
78727
45167
46986
42233
24497
61668
25574
49628
39703
31337
93350
28607
41659
75860
61297
77896
6477
59684
61912
2276
67177
45127
35841
55444
45783
8364
9663
96949
66064
35679
43715
56586
65632
78183
37772
54920
11527
35832
87257
40894
29177
35701
22399
79071
17381
53382
35991
97805
73747
8817
84110
6467
93766
14136
30144
8767
70594
25711
30911
91562
44967
27737
39117
42117
29691
17726
24041
99923
91045
651
80517
91837
92501
58438
534
64518
57474
70092
76422
65483
42508
82344
7044
99990
68576
98514
63098
49248
15481
28546
5822
17312
68035
70992
83106
61205
12762
85674
10471
87787
26450
86641
62350
71374
48912
53968
50767
68328
17109
95737
93730
38680
56603
70622
24379
49554
34296
42761
8371
7884
50496
86009
69057
52748
34343
33497
38983
52972
46275
65791
28617
10727
63151
96286
7928
64387
20397
15272
94029
46267
3139
54051
88689
16775
86566
14726
82265
72298
50196
93265
42127
7832
44699
60647
70219
8770
92759
26025
53952
34272
89913
45487
45363
97369
78371
71909
31879
4370
59311
75649
83924
60625
98063
43453
29109
68524
24048
15989
56480
6387
95512
19934
69073
37079
39886
32000
45984
7189
30008
68946
62801
85347
64415
37713
80714
60118
22640
68476
5502
99886
69084
13167
86280
67902
63998
31162
78772
67387
37500
63870
77143
94177
37351
37571
37374
91517
4669
44729
22404
52922
7758
1545
28478
77515
85723
73846
72976
58706
84154
13398
53890
84107
12662
88935
74253
49016
64692
36752
86992
92617
51056
34677
88063
54375
4934
95862
15067
91870
14508
26885
42044
85029
27036
57346
99754
59531
24048
22004
69643
56352
59302
56806
65335
45597
15939
55356
2824
76689
22260
90993
98893
56168
72079
77807
4606
48538
95640
69097
89929
3726
97631
69208
86699
1257
88839
27152
91322
33143
15234
63775
51199
59413
27800
8834
15233
80280
89734
47267
82492
74429
55490
16850
8081
58894
70845
7423
6199
71150
71042
98162
98159
66017
86779
3495
21173
83451
16658
73641
46386
20036
13397
47306
96975
15044
54131
49116
18628
91953
64995
12239
65070
65521
67331
69416
48254
58094
92542
61530
74510
83094
15559
64963
40015
73548
20482
94821
21951
41743
44386
19200
23574
54436
30445
62345
98399
10594
42651
6953
46307
95738
79261
87285
12320
79009
86907
14341
58041
98940
39638
68370
70056
68711
21580
86417
28047
64194
86649
98247
74091
77848
46010
63304
62569
65229
82285
58929
30643
80067
33461
15581
20483
22921
76346
51207
27640
41921
22349
97918
86662
53484
4809
31166
85288
87189
35316
22640
36752
96631
95557
47616
51135
36331
81631
44215
10545
81841
70971
89909
93679
12315
53829
620
74024
43185
26461
54172
68697
1444
2750
41190
74697
92723
70459
18288
54354
96595
10884
41172
17529
31
13384
39653
17951
36604
36213
46559
10960
33414
10010
78889
6072
33597
10382
79114
38325
4582
53898
6565
6760
45919
98225
89235
70021
17187
75152
39068
4746
39542
14431
26225
35181
94158
41511
68393
12813
47614
23710
16757
67626
69856
78
44706
19121
73629
53205
74507
62032
60092
23525
63321
85224
23078
27210
37304
73568
35058
3244
59638
32917
17842
79882
60315
14991
34264
40007
89504
52431
74086
67585
95406
54789
41585
13307
4147
20223
58833
13405
91267
9339
59080
16594
16585
73885
75340
78351
93897
20252
15155
33875
18867
21782
94202
265
52806
15140
42738
96874
14815
18089
18151
81280
37372
71651
21294
80806
94737
85508
19883
14475
90982
70907
10876
65365
16555
22411
3174
68673
4345
53245
40282
49641
86215
98545
86691
56191
57189
7792
30958
90550
56857
64733
56310
4959
32500
90090
29676
